4 299 191 100 60 
3 298 70 4 
3 297 77 17 
3 296 145 31 
2 295 81 
3 294 150 30 
2 293 131 
2 292 114 
3 291 143 113 
3 290 153 42 
2 289 89 
3 288 178 73 
2 287 59 
3 286 185 21 
2 285 62 
2 284 91 
3 283 157 26 
2 282 1 
3 281 190 124 
2 280 112 
3 279 139 10 
3 278 196 96 
3 277 181 95 
2 276 74 
4 275 135 86 5 
3 274 125 19 
2 273 152 
2 272 154 
1 271 
2 270 141 
3 269 148 35 
3 268 165 66 
3 267 119 13 
4 266 177 52 7 
3 265 189 90 
2 264 84 
3 263 166 38 
2 262 104 
4 261 136 45 2 
2 260 107 
4 259 132 43 11 
2 258 6 
2 257 55 
3 256 164 69 
4 255 169 120 12 
3 254 137 63 
3 253 134 58 
2 252 170 
3 251 146 82 
4 250 182 93 9 
4 249 158 76 8 
4 248 193 186 140 
3 247 106 14 
2 246 161 
2 245 22 
2 244 98 
4 243 151 56 23 
3 242 188 79 
2 241 103 
2 240 123 
2 239 127 
4 238 173 118 78 
4 237 174 109 15 
3 236 156 67 
2 235 155 
2 233 133 
2 232 92 
3 231 172 71 
4 230 194 122 20 
4 229 130 51 3 
3 228 183 101 
3 227 160 37 
2 226 47 
4 225 128 24 16 
4 224 171 110 57 
2 223 46 
4 222 192 126 48 
3 220 117 32 
3 219 138 25 
3 218 149 40 
2 217 105 
4 215 195 88 61 
3 214 129 50 
1 213 
1 212 
4 211 147 44 85 
3 210 162 28 
5 209 187 111 64 39 
3 208 115 53 
3 207 144 75 
3 206 159 18 
2 205 142 
2 204 83 
2 203 102 
3 202 184 68 
3 201 163 72 
2 200 121 
4 199 175 94 27 
4 198 176 80 29 
3 197 97 49 
