77 9993 9959 9860 9797 9702 9638 9598 9535 9495 9441 9315 9269 9230 9133 9088 9035 8899 8804 8725 8681 8587 8518 8385 8290 8200 8063 7997 7943 7860 7771 7691 7617 7587 7506 7443 7413 7380 7308 7252 7166 7058 7011 6925 6854 6788 6732 6685 6650 6531 6470 6389 6297 6206 6126 6070 5958 5913 5857 5720 5646 5576 5496 5366 5290 5239 5223 5142 5078 4955 4902 4767 4668 4609 4524 4450 4368 4193 
71 9987 9919 9886 9823 9678 9627 9524 9477 9421 9268 9241 9224 9153 9104 9058 8959 8914 8756 8700 8655 8588 8460 8365 8313 8228 8141 8014 7985 7909 7785 7666 7574 7505 7374 7284 7249 7172 7103 6986 6888 6792 6729 6624 6551 6448 6321 6252 6190 6120 6024 5941 5830 5703 5665 5599 5515 5393 5327 5270 5258 5219 5106 5054 4980 4897 4790 4738 4614 4533 4413 3925 
73 9978 9942 9838 9788 9607 9436 9374 9279 9172 9068 8976 8837 8771 8702 8627 8501 8412 8337 8272 8224 8071 7966 7932 7884 7841 7760 7626 7557 7494 7472 7382 7302 7223 7161 7127 7066 7005 6903 6809 6738 6619 6593 6520 6458 6394 6293 6166 6064 5942 5848 5778 5753 5674 5585 5497 5354 5325 5293 5170 5147 5110 5032 4960 4890 4795 4713 4649 4562 4481 4439 4383 4239 4047 
74 9970 9998 9875 9771 9662 9599 9468 9435 9326 9213 9038 8987 8885 8816 8772 8658 8586 8478 8414 8356 8315 8239 8230 8167 8066 7981 7912 7822 7787 7684 7654 7593 7551 7475 7369 7298 7179 7125 7100 6991 6879 6811 6673 6563 6424 6338 6260 6160 6146 6112 6058 5936 5859 5772 5650 5527 5509 5470 5405 5252 5163 5131 5064 4999 4924 4844 4797 4721 4598 4504 4449 4392 4288 1490 
68 9967 9908 9756 9652 9597 9486 9396 9327 9282 9180 9110 9061 8956 8788 8743 8617 8544 8432 8350 8283 8139 8078 7998 7927 7862 7781 7643 7615 7550 7493 7423 7354 7273 7178 7075 7046 6939 6856 6808 6744 6675 6554 6496 6393 6232 6132 6033 5876 5840 5742 5699 5641 5554 5477 5372 5305 5215 5128 5066 4998 4927 4856 4736 4707 4596 4489 4355 4294 
70 9964 9969 9829 9786 9694 9623 9554 9459 9353 9261 9193 9019 8897 8863 8789 8747 8642 8520 8505 8381 8280 8211 8108 8039 7958 7847 7745 7603 7530 7444 7357 7267 7171 7102 6953 6868 6785 6692 6584 6549 6410 6339 6256 6179 6140 6088 6044 5948 5907 5847 5693 5637 5615 5471 5404 5373 5321 5202 5121 5080 5029 4941 4874 4776 4732 4625 4499 4412 4353 3668 
66 9954 9936 9778 9720 9671 9603 9516 9425 9328 9237 9123 8989 8869 8779 8663 8538 8450 8413 8388 8234 8099 8037 7996 7973 7801 7686 7628 7524 7453 7323 7201 7080 6984 6920 6830 6733 6643 6489 6414 6351 6287 6215 6167 6001 5869 5802 5726 5666 5651 5618 5575 5524 5355 5262 5176 5133 5098 4981 4908 4796 4734 4657 4570 4495 4367 1560 
71 9953 9373 9905 9723 9670 9553 9462 9428 9322 9173 9106 8988 8921 8870 8757 8704 8591 8553 8493 8443 8353 8257 8156 8093 8004 7889 7828 7737 7614 7496 7427 7326 7241 7186 7162 7132 7064 7035 6944 6843 6760 6701 6611 6485 6282 6191 6042 5986 5917 5897 5821 5629 5526 5449 5381 5350 5323 5280 5169 5091 4958 4903 4848 4789 4755 4639 4517 4404 4265 4112 2573 
67 9946 9976 9891 9774 9630 9572 9513 9372 9301 9218 9148 9056 8990 8889 8802 8686 8608 8550 8453 8438 8397 8338 8208 8145 8054 7951 7893 7747 7545 7448 7397 7327 7283 7168 7056 6990 6887 6778 6721 6644 6477 6353 6283 6259 6151 5975 5912 5838 5756 5652 5598 5498 5371 5279 5203 5061 4962 4922 4850 4731 4606 4580 4465 4427 4343 3847 3874 
62 9935 9911 9777 9714 9600 9395 9323 9235 9131 9078 9002 8852 8785 8682 8599 8444 8297 8281 8189 8084 7970 7810 7765 7648 7586 7451 7373 7305 7200 7068 6949 6885 6803 6764 6731 6620 6528 6464 6337 6248 6152 6091 6012 5898 5819 5760 5695 5644 5518 5467 5330 5153 5104 4961 4901 4857 4804 4669 4540 4508 4409 4259 
73 9934 9432 9947 9920 9832 9706 9631 9512 9466 9369 9251 9165 9137 9094 9057 8966 8942 8848 8803 8654 8638 8576 8547 8502 8430 8371 8262 8183 8151 8096 7968 7891 7799 7715 7632 7533 7492 7400 7321 7190 7123 7019 6910 6850 6801 6720 6587 6482 6366 6302 6241 6165 6056 6010 5872 5820 5712 5624 5540 5440 5316 5232 5111 4982 4919 4769 4690 4611 4498 4432 4341 4188 3089 
73 9926 9989 9897 9799 9620 9523 9431 9383 9341 9298 9259 9167 9065 8996 8862 8766 8656 8632 8571 8531 8503 8389 8242 8198 8160 8085 7999 7940 7865 7809 7734 7676 7608 7564 7525 7417 7351 7276 7206 7120 7063 7003 6915 6834 6800 6717 6597 6447 6349 6288 6186 6066 6009 5856 5743 5710 5664 5604 5536 5494 5397 5338 5220 5112 5042 5000 4950 4847 4742 4654 4527 4459 4352 
69 9921 9975 9922 9801 9767 9695 9587 9522 9439 9387 9275 9170 9086 9044 8962 8874 8715 8669 8525 8435 8404 8233 8068 8041 7905 7814 7733 7639 7594 7523 7441 7370 7333 7245 7159 7091 6958 6906 6817 6674 6538 6525 6429 6342 6244 6162 6117 6055 5973 5827 5759 5587 5547 5473 5382 5349 5267 5226 5206 5099 4989 4972 4905 4768 4689 4529 4424 4133 4236 
71 9910 9948 9900 9814 9691 9582 9541 9412 9376 9321 9207 9186 9049 8981 8926 8887 8861 8761 8646 8594 8494 8394 8279 8240 8148 8094 8032 7896 7768 7685 7571 7461 7403 7293 7208 7076 7027 6996 6945 6904 6858 6756 6686 6532 6481 6432 6320 6213 6192 6102 6014 5945 5881 5738 5678 5628 5512 5385 5353 5168 5070 4975 4917 4863 4777 4691 4653 4573 4405 4325 3732 
72 9893 9991 9878 9812 9784 9677 9591 9539 9471 9355 9277 9240 9160 9055 8951 8924 8813 8754 8695 8639 8516 8442 8393 8336 8291 8201 8038 7948 7928 7823 7719 7669 7500 7379 7216 7157 7074 6943 6892 6832 6761 6652 6586 6476 6451 6384 6319 6205 6138 6003 5906 5825 5745 5660 5626 5501 5430 5345 5308 5195 5126 5015 5007 4911 4854 4752 4652 4584 4572 4534 4445 4360 
71 9887 9933 9845 9642 9571 9537 9424 9351 9260 9177 9120 9071 8940 8849 8791 8733 8630 8581 8546 8496 8401 8322 8247 8185 8113 8019 7946 7881 7856 7699 7618 7534 7426 7331 7198 7072 7040 6923 6798 6740 6640 6566 6469 6418 6306 6249 6194 6129 6030 5993 5878 5826 5694 5584 5433 5343 5298 5139 5100 5069 5025 4882 4824 4743 4683 4608 4544 4429 4385 4153 4010 
79 9880 9451 9955 9902 9858 9842 9762 9712 9675 9536 9407 9362 9220 9164 9126 9041 8970 8938 8873 8840 8823 8758 8671 8573 8517 8422 8399 8355 8292 8229 8143 8062 7994 7978 7887 7827 7770 7650 7548 7477 7360 7261 7141 7036 6977 6891 6796 6660 6590 6452 6401 6292 6236 6199 6048 5998 5934 5877 5813 5769 5655 5571 5510 5478 5418 5278 5222 5160 5079 4973 4875 4826 4773 4685 4593 4516 4369 4280 176 
68 9873 9931 9807 9663 9519 9447 9380 9294 9225 9159 9097 8982 8923 8857 8773 8593 8513 8452 8340 8303 8209 8176 8086 8022 7972 7851 7790 7749 7607 7535 7480 7425 7364 7306 7243 7188 7131 7041 6937 6846 6719 6522 6435 6403 6311 6204 6095 6037 5951 5886 5716 5667 5566 5502 5375 5301 5256 5157 5060 4978 4931 4831 4672 4568 4454 4362 4189 3615 
69 9869 7278 9787 9635 9525 9379 9311 9236 9202 9142 9072 8977 8896 8731 8596 8495 8489 8398 8380 8323 8190 8119 8013 7924 7788 7743 7671 7624 7562 7509 7428 7300 7233 7134 7070 6982 6821 6774 6718 6654 6568 6466 6378 6300 6172 6092 6013 5947 5833 5684 5611 5485 5448 5377 5294 5225 5172 5056 5008 4952 4862 4815 4709 4666 4561 4485 4446 4357 4297 
75 9867 9972 9913 9853 9764 9715 9611 9555 9476 9319 9281 9191 9100 9027 8955 8855 8755 8647 8577 8479 8349 8266 8220 8112 8045 7930 7855 7728 7714 7692 7520 7464 7365 7313 7250 7192 7137 7111 7048 7002 6839 6771 6730 6688 6621 6557 6499 6465 6413 6383 6336 6254 6175 6133 6072 5972 5865 5829 5717 5642 5572 5462 5346 5281 5200 5148 5012 4888 4819 4785 4671 4621 4501 4434 4324 
70 9857 9974 9890 9757 9615 9530 9443 9408 9378 9285 9155 9051 8888 8784 8718 8683 8564 8471 8437 8306 8271 8213 8161 8080 7980 7923 7857 7741 7660 7501 7434 7334 7220 7153 7104 7020 6869 6745 6722 6630 6567 6422 6340 6251 6219 6141 5977 5887 5854 5747 5714 5682 5568 5516 5463 5359 5227 5114 5011 4964 4870 4834 4782 4706 4613 4560 4478 4433 4310 4207 
73 9856 9940 9848 9722 9610 9570 9526 9357 9187 9154 9054 8957 8821 8781 8665 8560 8431 8376 8325 8261 8152 8074 8035 7974 7916 7874 7802 7738 7633 7572 7481 7315 7295 7212 7059 6993 6950 6862 6842 6746 6690 6628 6498 6467 6372 6334 6246 6196 6103 6021 5896 5782 5707 5594 5468 5438 5333 5254 5199 5117 5033 4957 4946 4869 4803 4748 4705 4648 4588 4484 4448 4356 4275 
78 9851 9472 9914 9766 9699 9569 9517 9422 9399 9296 9267 9206 9146 9085 9034 8946 8865 8768 8691 8643 8570 8499 8375 8287 8172 8140 8075 7936 7868 7763 7689 7604 7507 7422 7378 7257 7160 7107 7090 7033 6946 6882 6762 6704 6518 6430 6371 6313 6229 6210 6098 5988 5904 5868 5751 5701 5658 5593 5504 5450 5410 5379 5285 5240 5191 5165 5109 5024 4969 4935 4835 4781 4684 4617 4512 4401 4305 919 
72 9835 9907 9794 9703 9574 9493 9367 9287 9229 9184 9136 9087 9016 8917 8820 8751 8692 8623 8533 8446 8334 8260 8212 8082 8023 7914 7793 7680 7625 7598 7537 7429 7310 7214 7174 7094 7060 6974 6932 6789 6693 6653 6612 6560 6501 6471 6360 6352 6261 6164 6067 5974 5926 5866 5839 5711 5685 5528 5493 5424 5358 5287 5186 5086 4951 4812 4722 4620 4541 4421 4296 3657 
73 9818 9968 9849 9810 9741 9648 9542 9415 9316 9255 9149 9095 8986 8969 8903 8891 8875 8836 8726 8633 8512 8370 8314 8225 8170 8123 8061 7953 7838 7722 7622 7567 7460 7399 7289 7197 7077 7000 6921 6818 6767 6724 6667 6579 6478 6392 6290 6211 6131 6110 6026 5944 5823 5719 5670 5558 5391 5319 5193 5118 5026 4907 4845 4813 4726 4699 4665 4602 4538 4467 4389 3374 2210 
69 9805 9966 9899 9800 9738 9641 9501 9464 9381 9197 9107 8958 8905 8808 8777 8745 8661 8590 8428 8354 8243 8193 8169 8012 7863 7779 7664 7610 7539 7446 7342 7277 7164 7034 7013 6845 6726 6669 6595 6562 6472 6399 6365 6197 6113 6043 5966 5930 5844 5748 5661 5602 5546 5466 5396 5263 5204 5085 5031 4959 4881 4774 4711 4549 4477 4457 4395 4306 4243 
72 9803 9973 9815 9737 9682 9573 9475 9423 9398 9333 9305 9246 9108 8943 8810 8740 8705 8626 8491 8427 8359 8269 8173 8077 7935 7849 7808 7773 7742 7710 7609 7488 7339 7253 7140 7044 6955 6841 6683 6639 6576 6540 6395 6341 6271 6217 6149 6063 6000 5946 5796 5767 5705 5590 5499 5456 5344 5213 5090 5047 5013 4880 4793 4710 4631 4542 4475 4431 4415 4411 4208 4218 
70 9789 9983 9819 9672 9605 9534 9440 9416 9377 9334 9247 9200 9050 9028 8960 8860 8807 8713 8625 8556 8509 8468 8403 8285 8218 8134 8051 8005 7947 7803 7677 7568 7554 7391 7312 7228 7152 7106 7031 6971 6855 6780 6668 6622 6515 6391 6325 6238 6185 6100 6040 5891 5762 5721 5613 5545 5458 5370 5233 5198 5058 4983 4930 4758 4687 4548 4447 4358 4333 4097 
67 9780 9943 9847 9776 9698 9503 9427 9366 9174 9074 8964 8880 8776 8735 8612 8540 8461 8424 8298 8127 8031 7992 7969 7937 7806 7707 7670 7652 7596 7519 7457 7349 7262 7156 7006 6951 6936 6794 6748 6666 6608 6546 6486 6440 6370 6324 6202 6079 6027 5960 5922 5794 5752 5633 5544 5419 5337 5174 5084 4968 4828 4724 4632 4575 4451 4359 3713 
66 9779 9992 9850 9721 9659 9508 9343 9330 9252 9182 9129 9091 9013 8948 8911 8792 8637 8548 8475 8429 8256 8132 8057 7984 7858 7798 7716 7627 7573 7454 7377 7318 7251 7167 7054 6989 6875 6791 6786 6705 6638 6606 6582 6461 6347 6277 6193 6068 5956 5908 5815 5737 5607 5444 5369 5268 5212 5136 5016 4928 4839 4746 4674 4605 4514 4348 
71 9768 9932 9889 9804 9636 9438 9365 9245 9171 9077 9022 8919 8824 8721 8653 8619 8568 8487 8332 8246 8227 8188 8159 8002 7892 7800 7708 7590 7513 7368 7292 7227 7114 7087 6942 6871 6853 6777 6676 6581 6516 6406 6309 6153 6097 6023 5976 5916 5867 5808 5788 5709 5659 5619 5600 5482 5415 5363 5265 5173 5074 5002 4992 4841 4745 4673 4579 4543 4436 4261 3393 
73 9759 9912 9828 9791 9745 9613 9445 9413 9313 9179 9138 9021 8907 8794 8760 8710 8662 8592 8481 8386 8222 8072 8018 7964 7917 7818 7752 7705 7658 7600 7566 7458 7355 7275 7213 7108 6999 6964 6886 6815 6743 6697 6569 6380 6303 6266 6216 6124 6019 5932 5834 5798 5746 5675 5581 5535 5459 5417 5341 5289 5264 5184 5049 4965 4883 4762 4682 4603 4539 4490 4414 4342 3678 
68 9758 9965 9898 9736 9656 9559 9473 9433 9356 9254 9221 9116 9073 9006 8944 8775 8716 8609 8534 8480 8417 8346 8300 8254 8091 8052 7986 7850 7750 7698 7667 7517 7450 7343 7297 7255 7183 7088 7024 6902 6864 6784 6642 6565 6475 6398 6314 6148 6081 5984 5918 5799 5715 5616 5476 5412 5296 5181 5102 5005 4920 4846 4802 4704 4618 4502 4452 3978 
77 9753 9984 9885 9831 9781 9684 9661 9566 9469 9390 9345 9194 9063 9025 8878 8805 8674 8545 8472 8407 8357 8319 8238 8174 8009 7908 7885 7786 7735 7665 7641 7559 7503 7439 7341 7270 7130 7092 7052 6965 6881 6836 6768 6707 6663 6594 6506 6427 6376 6318 6273 6198 6157 6052 5968 5920 5795 5761 5669 5588 5508 5484 5423 5328 5271 5209 5137 5076 4997 4942 4878 4771 4637 4595 4545 4441 4382 
70 9743 9971 9854 9792 9693 9645 9490 9426 9385 9325 9289 9157 9059 8927 8856 8817 8770 8714 8657 8515 8420 8347 8267 8182 8116 8046 7919 7835 7748 7634 7518 7432 7390 7303 7204 7144 7084 7026 6961 6866 6779 6727 6552 6517 6409 6315 6242 6180 6069 6022 5885 5792 5691 5608 5564 5491 5340 5302 5228 5178 5082 4990 4912 4827 4770 4694 4642 4590 4482 4378 
77 9740 9951 9894 9816 9655 9565 9479 9417 9388 9336 9216 9150 9098 8979 8886 8866 8753 8707 8635 8558 8519 8459 8406 8345 8321 8255 8179 8087 8034 7949 7913 7872 7783 7739 7642 7588 7491 7416 7388 7340 7222 7154 7069 6947 6876 6776 6655 6510 6379 6255 6177 6062 5983 5915 5766 5677 5612 5561 5532 5479 5408 5348 5312 5241 5175 5164 5105 5010 4929 4843 4792 4695 4628 4563 4518 4458 4374 
74 9739 9930 9892 9763 9604 9550 9465 9300 9214 9083 9018 8920 8841 8790 8701 8650 8583 8469 8408 8245 8153 8067 7959 7925 7833 7729 7681 7651 7531 7484 7435 7406 7401 7288 7207 7142 7062 7010 6960 6840 6804 6700 6575 6535 6480 6400 6346 6270 6209 6115 6051 6016 5882 5822 5768 5673 5574 5539 5488 5439 5283 5224 5129 5101 4995 4938 4923 4899 4779 4723 4627 4558 4476 4251 
74 9726 9952 9837 9760 9634 9527 9467 9354 9293 9201 9062 8973 8892 8811 8746 8675 8552 8425 8295 8248 8155 8036 7979 7876 7836 7761 7690 7649 7536 7471 7385 7299 7266 7129 7042 6956 6918 6835 6709 6680 6670 6633 6592 6541 6463 6357 6274 6195 6096 6028 5925 5884 5809 5704 5625 5592 5557 5534 5429 5374 5257 5218 5124 5077 4994 4853 4727 4696 4647 4556 4469 4423 4337 4281 
72 9724 9937 9830 9798 9584 9458 9419 9389 9312 9250 9189 9060 8991 8934 8778 8727 8677 8595 8569 8409 8294 8215 8131 8011 7859 7727 7688 7584 7547 7442 7381 7337 7260 7202 7113 7015 6913 6872 6799 6769 6711 6637 6530 6443 6354 6289 6234 6125 6094 6061 5999 5888 5791 5733 5623 5549 5428 5288 5171 5108 5081 5040 4970 4934 4784 4744 4686 4624 4591 4521 4396 4250 
67 9718 9996 9904 9710 9643 9583 9482 9359 9338 9222 9158 9111 9003 8983 8812 8622 8549 8455 8352 8304 8226 8110 8065 8007 7934 7782 7682 7647 7592 7522 7389 7196 7118 7037 6948 6865 6714 6583 6550 6514 6431 6291 6201 6144 6008 5938 5894 5852 5818 5790 5736 5586 5507 5475 5368 5247 5205 5089 5039 4933 4855 4739 4633 4564 4437 4397 4293 
69 9717 9927 9840 9746 9632 9507 9457 9402 9317 9233 9093 9039 8939 8876 8797 8762 8676 8574 8542 8436 8364 8307 8232 8130 8021 7900 7826 7746 7653 7514 7437 7372 7317 7271 7218 7151 7061 6987 6889 6813 6694 6656 6578 6421 6316 6156 6087 6029 5961 5774 5663 5582 5495 5437 5398 5376 5217 5158 5107 5051 5003 4837 4725 4675 4641 4571 4488 4402 4093 
69 9713 9979 9881 9822 9725 9639 9563 9430 9274 9102 9047 8992 8906 8787 8690 8535 8486 8447 8373 8289 8162 8095 8020 7954 7824 7744 7712 7656 7538 7459 7419 7356 7286 7143 7079 6957 6880 6747 6602 6521 6408 6322 6267 6220 6145 6078 6045 5914 5841 5739 5622 5556 5483 5432 5362 5286 5245 5183 5132 5059 4940 4866 4816 4688 4658 4578 4505 4318 4142 
78 9705 9925 9827 9769 9727 9590 9498 9391 9203 9011 8954 8883 8801 8750 8712 8614 8575 8463 8405 8296 8221 8105 8026 7945 7864 7805 7723 7645 7611 7540 7462 7336 7226 7199 7155 7097 7016 6952 6863 6790 6753 6735 6649 6596 6534 6423 6363 6258 6189 6135 6054 5957 5855 5780 5744 5689 5638 5596 5503 5457 5407 5304 5273 5250 5180 5093 4985 4904 4864 4811 4681 4566 4528 4491 4463 4430 4230 3142 
72 9704 9956 9874 9749 9601 9488 9382 9342 9266 9151 9081 9048 9001 8900 8833 8699 8645 8514 8462 8378 8309 8237 8144 8048 7983 7911 7840 7704 7602 7490 7433 7407 7375 7236 7146 7023 6973 6874 6802 6678 6615 6610 6495 6402 6350 6262 6225 6174 6142 6106 6065 6018 5940 5861 5735 5643 5461 5365 5253 5134 5020 4939 4840 4780 4708 4629 4552 4470 4390 4270 2409 4094 
72 9696 9990 9895 9772 9700 9637 9533 9394 9276 9198 9117 8997 8953 8909 8838 8742 8717 8634 8528 8416 8379 8299 8235 8178 8115 8030 7955 7869 7758 7709 7678 7581 7502 7420 7281 7247 7147 7095 6983 6926 6873 6781 6677 6651 6543 6446 6404 6331 6233 6127 6015 5979 5893 5816 5741 5708 5577 5525 5465 5420 5314 5152 5019 4987 4892 4821 4650 4553 4522 4418 4363 3818 
67 9690 9995 9861 9707 9650 9568 9478 9392 9307 9264 9209 9140 9069 9000 8968 8882 8765 8711 8618 8498 8342 8194 8133 8079 7941 7871 7777 7740 7630 7546 7485 7440 7392 7279 7211 7073 7022 6968 6870 6826 6629 6493 6425 6364 6295 6223 6109 5996 5962 5863 5770 5648 5533 5435 5360 5248 5154 5067 5022 4967 4865 4805 4733 4551 4384 4349 3136 
72 9689 9923 9806 9729 9660 9588 9491 9335 9291 9215 9169 9113 9042 8949 8832 8782 8723 8649 8562 8507 8329 8274 8124 8076 8003 7904 7879 7820 7797 7725 7591 7508 7456 7345 7205 7135 7083 6967 6909 6838 6805 6703 6577 6459 6420 6397 6332 6278 6168 6105 6006 5955 5889 5846 5749 5680 5567 5529 5399 5242 5159 5092 4976 4893 4858 4735 4701 4587 4557 4507 4420 4330 
73 9686 9938 9872 9752 9626 9529 9446 9406 9329 9310 9253 9192 9070 8963 8881 8839 8780 8670 8624 8466 8419 8251 8166 8103 8024 7926 7794 7718 7674 7597 7504 7438 7402 7352 7242 7170 7124 7085 7008 6981 6959 6849 6807 6698 6636 6556 6460 6411 6285 6134 6007 5954 5832 5781 5620 5481 5421 5277 5216 5103 5035 5004 4910 4830 4808 4697 4663 4630 4581 4519 4428 4340 3789 
72 9681 9909 9808 9633 9514 9474 9352 9286 9196 9122 8984 8912 8809 8769 8648 8615 8541 8500 8382 8316 8249 8163 8025 7901 7839 7751 7697 7561 7528 7469 7338 7229 7191 7165 7051 6883 6793 6691 6603 6542 6415 6345 6257 6178 6075 5990 5943 5871 5730 5687 5657 5610 5548 5451 5318 5291 5255 5146 5130 5028 4889 4810 4718 4651 4601 4589 4554 4473 4366 4238 4165 2567 
76 9673 9963 9870 9676 9580 9455 9437 9320 9283 9210 9141 9080 9043 8931 8859 8822 8814 8689 8508 8451 8360 8275 8175 8104 8008 7895 7831 7766 7595 7552 7445 7291 7221 7148 7109 7018 6931 6759 6725 6645 6609 6564 6524 6507 6455 6382 6275 6176 6130 6076 5991 5905 5831 5777 5700 5656 5553 5436 5364 5292 5214 5156 5048 4963 4886 4806 4756 4667 4565 4520 4438 4407 4377 4312 3943 2988 
72 9668 9961 9859 9754 9665 9612 9551 9470 9403 9295 9188 9089 9023 8995 8935 8854 8827 8799 8744 8668 8621 8551 8415 8358 8231 8158 8092 8000 7963 7878 7816 7730 7637 7549 7497 7415 7350 7307 7240 7119 7071 6995 6867 6757 6681 6635 6570 6536 6428 6298 6228 6049 5967 5939 5849 5757 5609 5520 5427 5347 5299 5188 5116 5072 4986 4868 4765 4679 4532 4453 4308 3307 
68 9664 9199 9795 9653 9544 9489 9384 9299 9204 9076 8994 8902 8867 8748 8693 8636 8530 8433 8348 8259 8120 8040 7993 7931 7829 7784 7679 7529 7394 7296 7217 7138 7030 6911 6848 6829 6754 6658 6604 6539 6497 6442 6373 6218 6182 6139 6090 5997 5845 5793 5713 5601 5454 5392 5336 5307 5221 5125 5009 4921 4851 4754 4626 4555 4492 4444 4379 4323 
65 9654 9450 9928 9833 9674 9557 9358 9234 9217 9163 9096 9008 8967 8853 8729 8631 8580 8482 8387 8270 8137 8056 7962 7890 7778 7703 7635 7575 7455 7386 7287 7169 7078 6988 6857 6787 6641 6589 6494 6437 6362 6328 6304 6250 6143 6089 6035 5910 5810 5800 5727 5617 5551 5434 5332 5243 5149 5017 4916 4842 4783 4693 4577 4483 4403 
69 9647 9986 9863 9826 9734 9585 9420 9231 9147 9115 8972 8798 8687 8554 8488 8421 8341 8206 8157 8097 7971 7906 7852 7815 7776 7720 7583 7478 7376 7319 7225 7145 7121 6966 6938 6890 6825 6713 6657 6503 6456 6396 6310 6239 6159 6107 6057 5952 5836 5807 5754 5698 5603 5542 5474 5406 5329 5211 5135 5037 4873 4814 4716 4634 4582 4515 4399 4082 2303 
74 9644 9985 9957 9866 9731 9685 9549 9484 9410 9290 9190 9053 8971 8879 8845 8708 8680 8603 8539 8504 8441 8377 8268 8186 8129 8043 7929 7848 7796 7661 7621 7511 7467 7359 7280 7184 7082 6998 6985 6814 6715 6600 6504 6468 6417 6356 6263 6137 6082 6059 6036 5989 5864 5811 5797 5697 5634 5563 5472 5284 5141 5075 5018 4926 4877 4836 4740 4680 4599 4530 4472 4408 4336 3480 
66 9625 9999 9903 9750 9701 9651 9579 9480 9453 9364 9258 9205 9103 9040 8895 8774 8652 8613 8584 8555 8458 8440 8374 8265 8102 8059 7942 7853 7780 7655 7543 7396 7269 7194 7139 7045 7012 6933 6859 6755 6696 6555 6450 6305 6230 6163 5995 5911 5812 5740 5649 5543 5455 5390 5260 5201 5155 5053 5023 4914 4825 4728 4612 4586 4500 4386 
70 9622 9924 9846 9796 9735 9646 9442 9409 9304 9248 9183 9092 9010 8904 8872 8842 8793 8644 8567 8526 8477 8423 8317 8244 8184 8098 8029 7907 7821 7687 7580 7521 7468 7408 7344 7290 7246 7133 6980 6894 6820 6708 6607 6462 6387 6301 6214 6108 5980 5935 5919 5763 5591 5530 5409 5388 5352 5311 5266 5150 5088 5055 4966 4915 4800 4788 4638 4493 4426 4163 
71 9617 9988 9884 9775 9640 9485 9361 9272 9232 9130 9015 8937 8819 8736 8660 8557 8474 8434 8391 8366 8217 8147 8136 8055 7977 7903 7811 7731 7636 7577 7553 7474 7387 7294 7234 7210 7180 7110 7028 6893 6752 6672 6646 6488 6449 6355 6243 6181 6071 5987 5924 5835 5706 5640 5537 5489 5389 5351 5246 5192 5043 4988 4945 4872 4741 4692 4622 4510 4462 4331 4300 
69 9614 9929 9839 9770 9621 9560 9463 9368 9303 9239 9118 9045 8978 8835 8749 8696 8606 8543 8485 8454 8335 8282 8192 8100 7922 7846 7721 7646 7576 7476 7447 7330 7258 7096 7001 6897 6810 6706 6662 6599 6527 6454 6374 6308 6245 6203 6111 6032 5928 5901 5783 5724 5639 5514 5443 5386 5334 5235 5073 5001 4879 4838 4775 4747 4678 4594 4525 4364 4253 
78 9609 9386 9855 9680 9556 9444 9349 9257 9228 9144 9082 9066 8999 8894 8783 8685 8598 8559 8410 8278 8197 8165 8088 8006 7939 7894 7813 7791 7711 7644 7582 7486 7418 7316 7244 7176 7067 7007 6970 6930 6907 6827 6750 6712 6684 6618 6580 6547 6500 6453 6329 6231 6170 6118 6083 6034 5971 5890 5732 5686 5636 5500 5413 5324 5259 5230 5096 5014 4936 4913 4778 4749 4662 4619 4486 4419 4334 4172 
73 9596 9945 9824 9733 9666 9548 9500 9404 9360 9262 9185 9156 9109 9052 8952 8850 8688 8602 8465 8363 8199 8171 8070 7989 7956 7880 7844 7757 7623 7578 7542 7424 7362 7311 7232 7189 7128 6992 6922 6844 6782 6749 6623 6571 6502 6381 6227 6173 6121 5933 5873 5776 5723 5683 5627 5562 5541 5511 5441 5394 5317 5234 5185 5087 4991 4918 4822 4761 4677 4610 4506 4440 4307 
71 9595 9980 9820 9742 9669 9619 9497 9414 9348 9270 9226 9099 9020 8936 8834 8800 8724 8620 8561 8506 8448 8390 8330 8250 8083 7987 7875 7762 7675 7638 7515 7421 7361 7265 7195 7050 6997 6899 6831 6741 6695 6572 6513 6405 6385 6272 6183 6060 5959 5875 5842 5734 5672 5606 5522 5452 5384 5335 5313 5237 5179 5115 5036 4984 4906 4764 4670 4574 4526 4406 4287 
68 9593 9941 9821 9751 9658 9564 9545 9521 9494 9331 9263 9152 9079 9032 8915 8831 8719 8651 8483 8445 8308 8219 8203 8177 8101 7976 7886 7764 7673 7556 7489 7393 7328 7239 7105 6976 6935 6828 6783 6734 6634 6512 6473 6426 6284 6188 6114 5969 5879 5853 5787 5725 5632 5517 5445 5297 5127 5006 4974 4885 4820 4772 4719 4592 4503 4417 4317 3979 
77 9592 9960 9879 9765 9728 9624 9434 9363 9175 9090 9012 8930 8871 8828 8722 8697 8589 8497 8343 8258 8210 8181 8128 8089 8016 7967 7898 7854 7774 7695 7631 7541 7526 7470 7404 7353 7314 7264 7175 7098 7055 6978 6912 6833 6812 6702 6625 6537 6490 6457 6358 6207 6154 6119 6080 6073 5965 5927 5870 5804 5729 5614 5531 5464 5378 5331 5275 5151 5095 5071 4871 4700 4656 4576 4464 4394 4290 
62 9578 9997 9896 9811 9716 9552 9454 9297 9212 9128 8974 8890 8844 8737 8607 8511 8402 8301 8263 8164 8121 8109 8050 7961 7899 7772 7701 7605 7495 7412 7332 7238 7116 6969 6806 6687 6614 6558 6492 6276 6237 6099 6011 5902 5880 5718 5589 5446 5414 5310 5182 5083 5046 4996 4894 4818 4702 4604 4583 4479 4295 4183 
66 9577 8901 9868 9748 9667 9502 9346 9306 9181 9124 9046 8932 8916 8829 8684 8616 8524 8383 8339 8324 8264 8146 8044 7938 7837 7706 7558 7487 7405 7366 7256 7185 7089 7039 6919 6877 6860 6770 6716 6631 6573 6483 6388 6333 6222 6147 6122 6084 6038 5909 5817 5692 5569 5486 5367 5269 5189 5057 4954 4887 4829 4715 4664 4600 4460 3244 
71 9575 9962 9871 9841 9692 9576 9487 9401 9370 9309 9195 9114 9026 9007 8908 8847 8741 8666 8604 8510 8426 8331 8187 8081 8028 7988 7888 7834 7769 7696 7657 7585 7555 7498 7395 7272 7177 7117 7009 6884 6765 6647 6533 6439 6368 6330 6264 6184 6041 5981 5937 5874 5779 5731 5662 5550 5447 5326 5190 5034 4896 4852 4794 4730 4660 4559 4471 4425 4285 3877 3762 
74 9567 9324 9883 9813 9761 9708 9618 9448 9308 9249 9219 9135 9101 8998 8975 8929 8884 8763 8706 8629 8536 8351 8241 8207 8138 8058 7960 7877 7807 7755 7693 7629 7527 7466 7358 7304 7237 7231 7173 7122 7065 7004 6914 6878 6763 6736 6679 6545 6441 6323 6253 6187 6050 6005 5950 5814 5702 5679 5631 5580 5469 5400 5320 5210 5162 5045 4948 4817 4751 4640 4546 4474 4371 3785 
72 9558 9915 9864 9785 9657 9562 9499 9397 9347 9288 9143 9030 8985 8933 8825 8752 8679 8566 8492 8396 8333 8293 8205 8090 8027 7921 7842 7775 7662 7601 7544 7483 7410 7324 7259 7209 7163 7112 6994 6861 6775 6671 6605 6509 6445 6386 6307 6226 6104 6017 5982 5931 5883 5785 5654 5523 5422 5322 5236 5143 5120 5113 5044 4943 4801 4720 4615 4536 4480 4443 4388 4335 
66 9546 9944 9877 9852 9747 9649 9532 9375 9243 9119 9024 8941 8795 8764 8720 8572 8470 8400 8277 8180 8047 7944 7883 7789 7753 7668 7599 7516 7431 7309 7219 7126 7038 7029 6929 6824 6758 6664 6523 6416 6348 6294 6221 6171 6077 5970 5843 5773 5621 5521 5453 5387 5282 5187 5166 5063 4949 4876 4861 4786 4757 4646 4513 4422 4372 4267 
75 9543 9950 9888 9783 9629 9540 9449 9339 9280 9244 9176 9166 9132 9017 8922 8739 8678 8628 8527 8439 8372 8310 8223 8154 8049 7975 7915 7830 7759 7659 7570 7473 7409 7384 7274 7187 7149 7047 6940 6905 6847 6665 6591 6559 6505 6433 6375 6326 6299 6268 6208 6086 6020 5978 5895 5786 5755 5668 5583 5560 5506 5356 5251 5197 5140 5097 5027 4993 4891 4809 4676 4623 4550 4456 3872 
75 9538 9981 9865 9793 9744 9628 9483 9371 9302 9208 9162 9067 9031 9014 8950 8815 8728 8640 8605 8522 8476 8418 8326 8236 8168 8106 8073 8015 7933 7861 7732 7640 7612 7532 7430 7325 7282 7193 7115 7057 7025 6917 6837 6737 6661 6553 6479 6369 6280 6235 6136 6101 6039 5963 5900 5806 5750 5671 5579 5570 5487 5380 5315 5196 5145 5050 4925 4898 4833 4763 4698 4547 4494 4416 3937 
78 9531 9977 9916 9843 9790 9683 9602 9506 9411 9314 9284 9265 9168 9139 8993 8864 8843 8767 8601 8484 8449 8411 8318 8204 8117 8064 8033 7918 7866 7812 7754 7700 7619 7589 7479 7322 7285 7230 7158 7043 6962 6924 6895 6795 6728 6613 6585 6491 6419 6361 6269 6155 6085 6053 5994 5921 5858 5805 5771 5722 5676 5647 5595 5538 5426 5274 5194 5052 4953 4867 4807 4766 4643 4567 4511 4468 4391 4225 
67 9528 9982 9958 9882 9836 9730 9594 9496 9405 9332 9223 9075 9005 8925 8734 8664 8610 8585 8521 8311 8196 8111 8001 7965 7870 7792 7702 7620 7563 7436 7371 7301 7224 7093 7017 6963 6916 6819 6751 6689 6561 6508 6484 6390 6327 6169 6025 5899 5850 5764 5681 5565 5460 5403 5339 5249 5207 5030 4909 4759 4714 4644 4585 4497 4435 4338 4272 
67 9520 9918 9802 9711 9586 9492 9393 9273 9227 9112 9037 9009 8910 8868 8830 8709 8659 8611 8565 8532 8464 8369 8328 8273 8216 8118 8053 7843 7804 7717 7613 7452 7367 7347 7268 7203 7032 6954 6900 6823 6682 6598 6519 6359 6312 6247 6212 6093 5992 5862 5765 5630 5505 5411 5395 5303 5261 5144 5041 4947 4895 4787 4737 4661 4487 4387 4269 
67 9518 9917 9825 9755 9697 9608 9461 9337 9256 9127 9084 9004 8980 8945 8918 8851 8759 8694 8578 8473 8395 8362 8286 8214 8125 8017 7991 7873 7713 7616 7512 7411 7254 7053 6941 6896 6739 6588 6474 6407 6335 6296 6123 5964 5903 5837 5690 5645 5555 5492 5401 5295 5177 5094 4977 4932 4860 4798 4717 4636 4597 4523 4442 4354 4205 1640 4011 
68 9515 7383 9817 9709 9606 9456 9418 9344 9238 9178 9134 9029 8928 8898 8806 8730 8673 8600 8529 8384 8302 8191 8149 8114 8042 7952 7819 7767 7724 7663 7565 7482 7398 7335 7320 7248 7215 7136 7049 6934 6797 6699 6616 6511 6412 6344 6240 6128 6047 5985 5923 5860 5803 5784 5696 5559 5490 5402 5342 5244 5208 5122 5021 4937 4799 4635 4496 4393 
72 9511 9939 9782 9732 9679 9581 9510 9460 9278 9121 8965 8846 8738 8672 8537 8457 8368 8320 8288 8253 8126 8010 7995 7950 7920 7867 7845 7817 7736 7672 7569 7463 7414 7363 7263 7181 7101 7021 6972 6928 6851 6772 6723 6626 6529 6444 6367 6317 6281 6161 6116 6031 5949 5851 5728 5605 5480 5416 5357 5231 5161 5065 4944 4859 4729 4703 4607 4569 4509 4410 4329 4096 
70 9509 9994 9876 9773 9688 9589 9547 9350 9318 9211 9105 9064 8947 8858 8796 8698 8641 8582 8563 8490 8467 8392 8361 8327 8305 8276 8150 8135 7982 7897 7832 7756 7606 7510 7465 7348 7235 7150 7081 6979 6901 6852 6766 6648 6627 6544 6487 6438 6377 6286 6150 6074 5892 5801 5758 5653 5597 5552 5425 5383 5306 5229 5123 4979 4900 4760 4655 4535 4466 4257 
73 9505 9400 9906 9844 9834 9719 9616 9481 9429 9340 9292 9242 9145 9033 8961 8893 8877 8826 8732 8667 8597 8523 8344 8252 8202 8107 8069 7957 7902 7795 7694 7560 7499 7346 7182 7086 6975 6898 6822 6742 6710 6632 6617 6574 6526 6436 6279 6200 6046 6004 5953 5828 5775 5688 5578 5513 5442 5300 5276 5238 5138 5062 5038 4971 4884 4849 4823 4791 4750 4645 4531 4455 4373 
73 9504 9949 9901 9862 9809 9687 9561 9452 9271 9161 9125 9036 8913 8818 8786 8703 8579 8456 8367 8312 8284 8195 8142 8122 8060 7990 7910 7882 7825 7726 7683 7579 7449 7329 7099 7014 6927 6908 6816 6773 6659 6601 6548 6434 6343 6265 6224 6158 6002 5929 5824 5789 5635 5573 5519 5431 5361 5309 5272 5167 5119 5068 4956 4832 4753 4712 4659 4616 4537 4461 4365 4346 4249 
