14 9999 8655 8229 7798 7459 7164 6319 5573 3238 251 2595 2197 1740 1375 
25 9998 9106 8769 8515 8314 8093 7791 7305 7161 6874 6207 5429 4946 4582 4373 3711 2664 1082 424 3031 2631 2257 2010 1136 526 
18 9997 8684 8626 8365 8120 8028 7869 7345 7043 6787 6377 3093 2409 2294 2139 1730 868 322 
22 9996 9130 8760 8104 7654 7231 6878 6772 6514 5811 5093 4707 4431 3943 3361 2911 1795 1021 3447 2693 1851 1622 
24 9995 9495 8911 8511 8082 7766 7449 7340 6914 6032 5537 4919 4611 4182 3886 3419 2703 1437 1043 822 3505 2936 2308 1107 
24 9994 9577 9273 8922 8440 8139 7334 7103 6854 6516 5767 5312 5114 4430 3705 1972 18 3070 2909 2719 2494 1982 1385 748 
14 9993 9220 8764 8330 6551 4718 4521 4134 3674 3332 3071 1546 4378 859 
20 9992 9197 8830 8508 8098 7860 7630 7167 6933 6515 5474 2798 2188 1462 289 3099 2358 2158 1950 1080 
25 9991 9101 8953 8383 8005 7841 7599 6839 6426 5976 5634 5044 4533 4238 3352 3084 2471 1931 1300 795 371 3098 2851 2148 1131 
29 9990 9388 9277 8787 8602 8218 7971 7746 7309 6890 6749 6625 6257 5863 5684 5173 4362 3727 2968 2624 2300 1212 540 3981 2876 2267 2030 1905 632 
18 9989 9372 8857 8565 7915 7504 7065 6675 6224 6013 5616 5438 5339 4695 4181 3709 224 925 
27 9988 9441 9176 8776 8501 7953 7584 6970 6776 6488 6244 5683 5274 4906 4383 3741 2419 1648 1213 258 4357 2943 2563 2389 2175 2038 1976 
15 9987 9363 8894 8704 7947 7456 7023 6572 6325 5763 4899 4422 4138 722 1446 
11 9986 9255 8838 8566 8140 7922 7789 7219 6960 5203 2620 
19 9985 8892 8081 7719 7144 6887 6525 5937 5607 5294 4750 4413 3822 3298 1805 869 316 3150 3010 
18 9984 9188 8653 8197 7816 7089 6586 6132 6007 5738 5197 4609 4126 3803 3567 3348 3207 465 
15 9983 9379 8863 8726 8585 8347 8105 7916 7410 6968 6540 6308 5891 4557 1948 
23 9982 9567 9280 8984 8768 8642 8240 7473 7212 6840 6539 6248 5839 5373 4985 4443 4093 3852 2964 1739 1127 401 3465 
13 9981 9173 8866 8711 6963 5185 4716 3913 3650 2815 1517 901 437 
17 9980 9237 9054 8588 8020 7674 7545 7442 7299 7084 6923 6603 6187 5544 5350 4301 1210 
17 9979 9554 9289 8998 8419 8070 7193 6645 6102 5165 4822 4369 3422 3312 1374 136 3186 
22 9978 9023 8757 8269 7920 7696 7335 7139 6802 6226 5835 5481 4769 4480 3780 3423 3158 2824 2295 1878 1128 766 
8 9977 9291 8901 8529 8200 7467 6753 3386 
12 9975 9547 9234 8976 8598 8088 5246 1019 797 648 4862 3026 
22 9974 9591 9433 9057 8540 8094 7667 7178 6935 6374 6075 5556 5142 4697 3962 3217 2843 2318 1542 712 3235 2785 
19 9973 9328 9060 8740 8380 7776 7650 7092 6641 6072 5176 4382 4169 3612 2830 2306 1085 197 3039 
18 9972 9367 9063 8909 8491 8281 7774 7226 6648 6174 5904 5325 4963 4324 3919 2572 1366 835 
15 9971 9387 9169 8686 8486 8078 7562 7254 7086 6764 6578 6281 5645 5368 5071 
25 9970 9075 8971 8652 8294 7616 7403 7106 7046 6921 6573 6253 5978 5591 5302 5162 4603 3590 2988 2708 2598 2163 1408 410 3896 
17 9969 9537 9201 8916 8673 8360 8215 7660 7279 6785 6439 6009 5482 4510 3742 2134 587 
23 9968 9250 8908 8524 8057 7784 7510 6969 6671 6379 5987 5848 5586 5309 5078 4821 4466 4100 3094 2289 1261 994 73 
15 9967 9559 9186 8185 6382 5536 5046 4710 4273 4018 3676 3131 2533 1379 432 
22 9966 9227 8789 8505 8152 7827 7608 7371 6927 6726 6246 5981 5564 5360 4951 4579 4165 3485 2723 1600 1184 436 
22 9965 9566 9345 9182 8959 8172 7969 7695 7317 6844 6743 6532 6247 5700 5448 5269 4916 4774 3611 2092 1230 679 
24 9964 9356 9162 8825 8582 8507 8242 7966 7585 7173 6781 6585 6167 5929 5413 5201 5002 4599 3911 3032 2922 2022 1554 995 
15 9963 9517 9425 9300 9099 8493 7884 7693 7216 7077 6872 6676 6266 5968 3903 
24 9962 9146 8751 8371 8017 7593 7405 7045 6732 6524 6188 5569 5414 5066 4479 4187 3863 3486 3136 2145 1826 1258 488 3277 
22 9961 9322 8791 8316 7857 7483 7034 6810 6698 6169 5596 5195 5118 4723 4402 3941 2775 2435 1398 1133 844 59 
22 9960 9175 8622 8296 8127 7771 7190 6892 6380 6138 6001 5820 5411 5196 5117 4903 4514 4148 3012 1454 1093 234 
21 9959 9583 9401 9207 9029 8604 8195 7622 7363 7292 6936 6467 5966 5912 5336 4813 4444 3985 3379 2951 181 
21 9958 9448 9199 8308 8154 7825 7461 7019 6882 6617 6406 6118 5675 5475 4753 4175 3109 2193 1575 1158 1114 
18 9957 9399 8948 8353 7901 7627 7143 6462 5778 5547 5188 4721 4296 3931 3551 2878 2517 1344 
17 9956 9571 9177 8692 8434 7921 7564 7430 7280 6284 6018 4361 1737 1304 1120 391 4541 
19 9955 9355 8881 8244 7312 6909 6773 6372 5817 5488 5155 4568 4161 3873 3633 2303 1488 1060 3356 
10 9954 7099 4332 3912 3600 2980 2500 1802 1001 438 
12 9953 9587 9150 8927 8730 6278 3712 3043 2540 1497 1285 464 
24 9952 9472 9318 8964 8587 8335 8146 7923 7420 7222 6982 6855 6490 6176 5857 5521 5064 4416 3700 2569 1507 1137 669 3237 
18 9951 9364 8762 7959 7606 7205 6932 6621 6324 5646 5159 4140 3850 3204 1923 1077 579 3290 
20 9950 9573 9144 8829 8423 8107 7677 7302 7152 6232 5759 5367 5072 4237 4025 3125 1617 1242 926 3906 
16 9949 9392 8536 8099 7803 7542 7389 7201 6859 6650 5952 5706 5504 5254 3548 430 
17 9948 9218 8942 8621 8514 8378 8171 8007 7720 7333 7047 6613 6238 4606 1744 1009 455 
21 9947 9458 9147 8483 7715 7485 7149 6748 6592 6408 6046 5606 5342 5057 4712 4506 3768 3175 2542 1608 1015 
17 9946 9511 9190 8897 8739 8143 7770 7522 5825 2987 1958 1607 1350 1144 976 265 0 
22 9945 9440 9381 8854 8516 8164 8003 7859 7418 7183 6991 6565 6259 5461 4982 4157 3223 2224 1954 1380 998 4403 
23 9944 9593 8961 8819 8055 7790 7416 6974 6435 5933 5529 5370 4770 4295 3514 3097 3037 2550 1336 1076 598 5170 3305 
23 9943 8867 8436 7931 7772 7526 7375 7168 6976 6442 6052 5842 5389 4918 4535 4287 3749 2773 1287 910 758 392 82 
20 9942 9543 9427 9327 9141 8886 8577 8297 7737 7445 7207 6896 6630 5731 5144 4902 4655 4262 3341 939 
23 9941 9344 9198 9021 8053 7587 7372 7016 6661 6354 6019 5669 4841 4567 4053 3678 3218 2372 1585 1161 899 480 204 
17 9940 9274 8969 8392 8320 8236 8119 7466 6929 6511 5911 5141 4474 4345 3272 1290 142 
17 9939 9413 8828 8307 7978 7659 7036 6557 5851 5148 4597 4040 3604 2671 2162 1129 390 
18 9938 9421 9133 8820 8327 7958 7619 7450 7014 6209 5992 5742 5051 3526 2965 2619 2210 1190 
12 9937 9449 7844 5617 5084 3969 3440 2625 2203 1360 932 5344 
21 9936 9325 9097 8614 8255 8121 7577 7158 6962 6788 6447 5950 4809 4337 4013 3478 2484 1615 783 308 3434 
10 9935 9450 9104 8779 8441 7836 7380 7159 6686 3120 
15 9934 9226 9145 8723 8425 8184 6863 4865 4136 3517 2864 2490 1574 1156 602 
19 9933 9463 9113 8709 8412 7756 7218 6642 6079 5849 5648 5232 4729 4313 4015 3914 3164 3088 557 
22 9932 9492 9050 8929 8131 7428 7243 7017 6945 6422 6083 5973 5435 5125 4682 4315 4069 3767 1865 955 421 3115 
22 9931 9477 9031 8732 8418 7984 7697 7370 7238 7145 6846 6533 6330 6065 5580 4543 4254 3656 2836 1403 1122 788 
16 9930 9094 8736 8472 8183 7779 6400 4571 4131 3744 3458 2849 2002 1514 828 616 
15 9929 9343 9174 9040 8672 7874 7631 7369 7239 6591 4743 2050 1225 729 111 
11 9928 9360 7426 5262 4923 4427 3791 2770 2481 1254 89 
6 9927 6431 1659 1456 644 5033 
10 9926 9378 9033 8943 8476 7912 7476 6774 6544 2848 
16 9925 8628 6795 6264 5729 5301 4915 4777 4463 3769 3369 3183 2888 2287 1390 962 
18 9924 8858 8625 8067 7665 7163 6784 6499 6117 5210 4768 4348 4005 3080 2046 1478 1108 56 
21 9923 9315 8935 8437 7992 7547 7437 6938 6697 6286 5786 5280 4995 4459 4176 3730 3061 1180 763 317 3568 
20 9922 9125 8934 8222 7809 7352 5843 5681 5390 5079 4891 4368 3908 3417 2816 2579 1683 1191 746 4498 
14 9921 8570 7943 7052 6796 6433 6310 5998 5553 4220 818 675 231 6 
19 9920 9319 8888 8500 8052 7569 7060 6862 6484 5999 5619 5105 4641 4047 3484 3095 2472 1808 1354 
10 9919 9436 9019 7383 5242 3704 3144 2380 1562 778 
16 9918 9400 8795 8417 8001 7689 7460 6809 6634 6282 5768 5404 5129 4321 3304 144 
15 9917 9439 9156 8907 8473 8205 7722 7439 7083 6722 6637 6236 5886 4447 329 
19 9916 9464 8883 8432 7710 7500 7087 6709 6333 5595 5221 4600 3681 2918 2249 1526 1280 443 3256 
17 9915 9062 8729 8660 8490 8333 7908 7628 7355 6080 4487 4235 3860 3185 2514 1703 707 
14 9914 8174 6665 5944 5464 4977 4461 4118 3456 2276 1404 1147 913 259 
13 9913 8132 6646 6165 5905 5523 5096 4785 4381 3617 2728 2337 1118 
15 9912 9453 9137 8765 8613 8435 8051 7748 7307 7192 7097 6506 5985 4390 406 
22 9911 9240 8849 8497 8220 7873 7543 7438 6707 6415 6062 5812 5005 4852 4091 3365 2604 2146 1675 1234 566 3609 
14 9910 8096 6825 5938 5494 5073 4832 4258 2970 2083 1445 906 341 148 
26 9909 9500 9235 8986 8629 8350 8124 7671 6864 6519 6089 5907 5337 5202 5023 4620 4289 3983 3591 2712 2208 1506 1293 1149 562 3234 
20 9908 9296 8784 8379 7902 7535 7261 6758 6472 6088 5801 5618 5166 4732 4573 3140 2655 2133 1219 948 
25 9907 9123 8674 8386 8211 8109 7811 7386 6908 6301 6050 5865 5774 5252 4936 4174 3335 2940 2226 1966 1288 1173 1112 937 383 
23 9906 9243 8827 8665 8097 7728 7419 7078 6349 5823 5410 5132 4700 4319 4049 3642 2786 2459 2014 1278 1086 790 9 
19 9905 9582 9086 8856 8722 7851 7503 7041 6717 6127 5519 5083 4458 4156 3363 2865 1573 845 13 
21 9904 9214 8535 8161 8040 7541 7454 6954 6605 6108 5694 5194 4549 4253 3945 3718 3002 2460 1928 1343 1018 
11 9903 8932 8553 7027 5003 4429 3809 2310 1301 755 302 
9 9902 9340 9108 8773 6267 2914 2298 1006 447 
19 9901 9556 9484 9041 8608 8145 7988 7365 6989 6564 5984 5423 5150 4878 4513 4204 3522 3288 1359 
18 9900 9408 9115 8910 8636 8208 7896 7717 7432 6548 4864 4092 3360 2339 1718 1334 705 31 
18 9899 9412 9167 8695 8106 7754 7221 7031 6363 5630 5219 4976 4393 3955 2946 2100 1216 107 
20 9898 9390 9107 8887 8650 8325 7702 7415 7069 6411 6149 5803 5610 5284 4358 3737 2971 2510 1087 298 
23 9897 9354 8997 8603 8468 7951 7480 7296 6906 6808 6309 5862 5538 5207 4608 3832 3035 2521 2302 1134 791 685 3661 
14 9896 9068 8643 8159 7694 7402 7136 6881 6427 5872 5147 4334 3367 811 
15 9895 9311 8970 8575 8339 7850 7124 6907 6221 5794 5293 5041 4445 3824 1088 
10 9894 9204 8889 8580 8138 7883 7570 7327 7206 2658 
15 9893 9520 8048 6505 6082 5736 5265 4505 3998 3467 2792 1823 944 469 6352 
17 9892 9336 8687 8158 7727 7228 6567 6098 5243 5131 4766 4280 3792 2266 1279 1020 360 
9 9891 9480 9263 8917 8638 8340 8059 7433 4145 
22 9890 9334 9153 8471 8016 7615 7048 6841 6373 6022 5964 5559 5286 5004 4465 3309 2588 1983 1295 840 452 8 
11 9889 9581 9320 9163 8965 6755 4122 3652 2926 1377 641 
21 9888 9467 9132 8975 8451 7855 7707 7107 6750 6568 6331 5925 5333 5275 5035 4500 3598 2823 2411 1195 314 
23 9887 9513 9042 8913 8249 7700 7519 7481 7170 6975 6632 6500 6346 5846 5725 5408 5223 4436 3619 2739 2090 1356 20 
13 9886 9515 8389 6522 6178 5571 5121 4198 3929 3515 2238 1367 3977 
17 9885 9462 9001 8685 8247 7731 7338 6889 6191 5614 5110 4763 3934 3240 2677 1115 4236 
15 9884 9432 9375 9076 8194 7604 7162 7009 6627 5972 5893 5230 4790 4468 3560 
17 9883 9508 8925 8788 7536 5623 5288 4674 4323 3883 2763 2169 1975 1148 702 491 176 
20 9882 9314 8766 8610 8136 7888 7653 7237 6905 6708 6445 5958 5583 5314 4856 4473 4054 2998 1793 807 
23 9881 9538 9307 9131 8987 8558 8259 7845 7605 7487 7081 6891 6350 6152 5632 5134 4252 3788 2995 2098 1556 1003 3959 
20 9880 9306 9020 8742 8532 8209 7960 7258 7007 6639 6233 5899 5730 4876 4158 3523 2847 2286 1616 1140 
23 9879 9187 9008 8689 8414 7974 7775 7360 6837 6687 5837 5532 4996 4464 4095 3408 2583 1425 1347 1153 667 221 3449 
20 9878 9362 8860 8367 8079 7961 7639 7304 7076 6857 6387 5943 5436 4874 4559 3559 1397 966 321 3507 
12 9877 9333 8738 8591 8458 7837 7496 6996 6712 6478 6190 2463 
23 9876 9386 9192 9091 8724 8467 8239 7617 7091 6925 6448 6011 5605 5261 4860 4670 4097 3664 3219 2243 1327 898 3694 
28 9875 9475 9294 9152 8466 8091 7991 7705 7525 7223 6980 6601 6359 6059 5651 5305 5085 4847 4654 4251 3835 3405 2833 2183 1764 1095 343 70 
21 9874 9221 8896 8763 8690 8554 8063 7783 7469 7297 6883 6487 5946 5546 5081 4820 3838 2832 1868 980 301 
25 9873 9506 9244 8928 8710 8502 8393 8166 7893 7802 7494 7042 6351 6017 5658 5037 4407 4160 3724 3195 2902 1467 981 650 218 
9 9872 9119 8794 8676 8252 8047 6385 4646 2373 
23 9871 9473 9295 8679 7998 7276 7160 6696 6302 6081 5874 5600 5471 4684 4333 4102 3897 3355 2592 1594 662 60 3624 
22 9870 9332 9172 8957 8737 8545 8251 7635 7328 6869 6580 5995 5655 5465 5007 4217 4032 3545 2886 2251 1318 3561 
18 9869 9342 9055 8224 7094 6590 6243 5728 5420 5075 4504 4457 4216 3848 2474 1698 1014 4564 
14 9868 8461 6635 6388 6124 5652 5258 4730 4152 3318 2747 1847 637 4009 
18 9867 9309 9047 8416 7950 7666 7520 6964 6792 6322 5796 5502 4810 3899 3003 2155 1055 307 
18 9866 9366 8641 8499 8362 8144 7817 7511 7358 6967 6744 5204 3273 2456 1614 1247 1044 472 
22 9865 9347 9052 8696 8552 8212 7973 7762 7272 7038 6600 5449 4701 4268 3916 3683 3376 2905 2637 1231 796 240 
19 9864 8931 7524 7289 6800 6615 6227 5959 5388 5109 4846 4305 3715 3264 2449 1540 1074 295 4019 
21 9863 9335 8946 8593 8391 8256 7932 7588 6853 6315 6134 5745 5055 4942 4183 3589 3287 2803 2018 1141 590 
20 9862 9231 8706 8457 8364 7882 7241 6746 6624 6170 5819 5308 5000 4124 3639 3064 2609 1244 1064 4971 
18 9861 9395 9079 8759 8574 8238 7986 7691 7315 7056 6482 5993 5770 5451 5276 5136 4317 2049 
23 9860 9461 9011 8234 7858 7388 6999 6417 5859 5257 4851 4531 4434 4083 3747 3483 3034 2666 2001 1150 971 810 247 
22 9859 9391 9070 8470 8264 7761 7414 7191 7062 6341 6231 5802 4922 4517 4234 3923 3028 2387 1726 1139 737 4456 
21 9858 9074 8899 8662 8322 7768 7434 6977 6501 6142 5722 5515 5380 4754 4286 4010 3081 1807 1226 431 16 
25 9857 9435 8859 8564 8181 7935 7801 7324 7133 6983 6554 6162 5797 5565 5499 5190 4688 4304 3844 3242 2772 1917 1185 749 349 
15 9856 9394 9073 8885 8315 8114 7736 7544 7215 6819 6451 6223 5941 5059 3480 
19 9855 9292 9014 8780 8400 8103 7863 7730 7477 7187 6458 6179 6073 5942 5737 5167 4861 4420 1951 
21 9854 9183 8955 8698 8526 8133 7828 7699 7073 6777 6526 5896 5462 5171 4454 3864 2839 2225 1362 831 398 
20 9853 9478 9219 8694 8317 8013 7642 7502 7200 7003 6320 5437 4760 4363 3684 2840 2094 1341 690 3285 
23 9852 9420 8983 8701 8258 8022 7576 7068 6762 6393 6109 5590 5330 4731 4036 3813 3637 3015 1788 1303 792 296 3902 
12 9851 9483 7189 4728 4023 3933 3395 3014 1699 1207 626 440 
11 9850 9396 9034 8712 8463 8041 7866 7804 5450 1052 170 
18 9849 9416 8945 8633 8134 7852 7556 6966 6737 6441 5248 4310 3528 2858 2618 1899 1204 263 
18 9848 8678 8438 8012 7980 7601 7257 6871 6595 5967 5635 4932 4281 4057 3516 1571 804 762 
19 9846 9279 9126 8802 8663 8080 7425 6829 6659 6020 5589 5168 4210 3289 2232 1952 1582 131 3854 
14 9845 9497 8868 8449 8095 7813 7245 6731 6491 6033 5750 5479 4868 2152 
22 9844 9588 9157 8872 8481 7668 7174 6584 6345 6280 5962 5485 5052 4312 3857 3626 3303 2252 1940 1172 535 188 
11 9843 8919 8596 6100 3189 2730 2071 1306 834 710 4 
19 9842 9546 9253 8733 8531 8433 7726 7002 6657 6391 5916 5597 4988 4614 3535 2692 2136 1751 325 
22 9841 9181 8842 8489 8044 7872 7551 7353 7172 6947 6479 6368 5784 5319 5127 4424 3968 3407 1961 927 635 108 
21 9840 9574 9088 8898 8586 7975 7646 7343 6949 6531 6121 5490 5063 4226 3713 3346 3283 2529 1559 794 3856 
21 9839 9278 9059 8906 8359 7680 7368 7330 6751 6318 5926 5543 5244 4979 4524 3932 3679 2638 1936 1413 1022 
22 9838 9272 8921 8753 8115 7580 7351 6940 6440 6375 6043 5739 4893 4530 4442 3888 3286 2704 2222 1481 1028 427 
19 9837 9455 9087 8947 8480 8207 7579 7364 6941 6556 6367 6112 5582 4943 4649 3777 3521 3161 1284 
8 9836 9542 8801 8450 8141 7838 7716 4203 
16 9835 9415 9036 8817 8429 8167 7743 7316 6928 6620 6481 5836 5318 4952 4329 1929 
16 9834 9444 8720 8280 7955 7786 7492 7284 6158 4367 3582 3254 2744 1510 900 58 
11 9833 9004 8528 8291 7880 7527 7137 6761 6122 5578 3322 
15 9832 9249 7759 5977 5643 5181 4694 4103 3937 3479 2993 2161 1378 757 327 
21 9831 9035 8926 8631 8354 7917 7764 7446 7032 6715 6566 6293 5667 5094 4598 4185 3828 2683 1935 1059 638 
24 9830 9170 8841 8428 8267 8160 7645 7394 7026 6893 6720 6230 5764 5434 5028 4741 4354 3719 3033 2466 1661 1084 756 86 
20 9829 9203 8644 8537 8299 8029 7600 6581 5697 5392 5032 4933 4681 4316 3996 3511 2983 1410 911 3595 
11 9828 9058 8606 7990 6816 5016 4560 3702 2767 1070 770 
19 9827 9437 8875 8403 8031 7518 6894 6276 5792 5577 5111 4983 4292 3745 3353 2672 1520 1038 805 
23 9826 9590 9429 9168 8813 8460 8004 7714 7278 6904 6492 6283 6028 5680 5447 4886 4380 3723 2733 2223 1665 1202 923 
21 9825 9523 9247 8783 8645 8245 7881 7300 7058 6655 6272 5928 5844 5140 3889 3327 2615 1312 759 623 12 
3 9824 8345 5903 
4 9823 9459 6217 1848 
17 9822 9286 8862 8399 7900 7753 7620 7281 7093 6771 6460 5914 4752 3688 3310 2349 1577 
15 9821 9118 8717 8568 7870 7582 7344 6994 6395 6037 5563 4987 4590 4075 3870 
12 9820 9503 8654 8283 7895 7708 7436 6814 6622 6347 5975 4022 
9 9819 9048 8343 8009 7397 7022 6805 6463 4257 
19 9818 9482 9002 8560 8484 8368 8173 7643 7049 6631 6180 5913 5483 4901 4651 4269 3957 2701 1939 
13 9817 9159 8775 8609 8275 7814 7651 7291 6486 6212 6015 5478 2897 
19 9816 9353 8990 8639 8541 8293 7879 7484 7253 6587 6407 6041 5776 5446 4870 4663 4229 3887 2007 
24 9815 9285 8808 8496 8178 8019 7751 7349 7057 6738 6461 6353 6045 5657 5403 4999 4795 4306 3734 3553 3006 2610 2503 1482 
18 9814 9521 9209 8960 8421 7781 7493 7233 6589 6177 5867 5454 5139 4883 4592 3928 3529 3091 
19 9813 9303 8924 8595 8015 7626 7248 6739 6593 6290 5752 5372 5224 4927 4672 4168 3982 3504 2111 
19 9812 9471 8871 8599 7517 6984 6612 6145 5707 5452 5231 4975 4534 4166 3960 3331 3096 2617 1633 
20 9811 9442 9077 8786 8382 8060 7812 7546 7265 6861 6528 6237 5935 5585 5396 5247 4569 3965 2895 2157 
15 9810 9006 8620 8191 7550 7113 6683 6314 5749 5552 5317 4197 3126 2392 1998 
20 9809 9518 8831 8667 7868 7530 7260 7021 6733 6370 6133 5398 5040 4881 4780 4120 3671 2880 2483 1841 
14 9808 9447 8982 8035 6870 6416 5960 5349 4808 4110 3401 3180 2170 1642 
16 9807 9338 8996 8137 7558 7102 6570 6183 5747 5401 5042 4342 4037 3706 3503 2127 
20 9806 9158 8562 8459 8180 7818 7629 7488 7053 6559 6130 5832 5442 5313 4762 4186 3762 3059 2416 1898 
13 9805 9509 8498 8066 7832 7516 6842 6820 6610 5149 2555 2117 1558 
8 9804 8782 8155 7568 7105 6682 6090 3900 
10 9803 7596 5561 5320 4737 4548 3825 3448 2544 1646 
16 9802 9298 8880 8525 7892 7283 7182 6464 6016 5611 5104 4462 4303 3460 2317 1927 
20 9801 9110 8774 8388 8036 7755 7633 7412 7211 7080 6922 6471 6157 5691 5208 4960 4765 4180 3926 2887 
11 9800 9488 9018 8569 8273 8058 7701 7354 7090 6517 1157 
17 9799 9526 9262 9120 8721 8008 7797 7649 7390 7072 6705 6549 6274 5432 4811 3387 2488 
14 9798 8792 7996 7507 7235 6623 6254 5910 5522 5200 4993 4837 4736 2055 
24 9797 9535 9122 9067 8823 8408 8216 7989 7894 7683 7462 7251 6701 6444 6225 5945 5468 5340 4578 4271 3858 3627 3438 2029 
6 9796 9476 9217 9111 8967 6005 
19 9795 9474 8755 8201 7509 7385 7130 6597 6343 5953 5395 5152 4804 4392 3820 3359 2679 2199 1708 
20 9794 9316 9009 8648 8445 8100 7765 7514 7217 6981 6716 6386 5931 5570 4962 4540 4004 3250 2746 2454 
19 9793 9414 9148 8756 8390 7904 7431 7101 6703 6629 6197 5963 5528 5102 4738 4142 3019 2496 1825 
10 9792 9551 9384 9017 8446 8282 7815 7079 6583 4616 
21 9791 9411 8912 8618 8219 7924 7698 7567 7404 7185 7095 6910 6049 5644 5251 5184 4460 4179 3374 3128 2172 
12 9790 9149 8949 8454 7994 7898 7376 6876 5354 4683 4132 3491 
19 9789 9208 9024 8611 8286 8077 7669 7508 7155 6997 6899 6537 6063 5672 5473 5296 4239 2755 2491 
20 9788 9397 8799 8506 8230 7823 7314 6510 6289 6055 5676 5418 5145 4719 4529 3973 3171 2855 2408 2067 
12 9787 9102 8719 7267 5439 4740 4577 4370 3954 3703 2800 1765 
7 9786 9502 9165 8807 8630 8303 7025 
15 9785 9489 8237 7718 7256 7054 6868 6153 5378 4746 3950 3533 3413 2659 1712 
19 9784 9494 9228 9025 8796 8415 7981 7648 7313 7301 7051 6678 6175 5567 5348 4545 4191 3041 2091 
21 9783 9491 9032 8664 8373 8045 7602 7571 7310 6865 6611 6543 5870 5306 5103 4199 3831 3402 3143 2446 1858 
21 9782 9539 9403 9082 8338 7982 7713 7126 6660 6453 6181 5492 4801 4259 3939 3518 3229 2554 2321 2032 1663 
15 9781 9252 7949 6397 5841 5545 5179 5013 4633 4389 3815 3177 2688 2410 1991 
11 9780 9592 9229 8550 7933 7347 5416 3437 3198 2367 2211 
18 9779 9142 8809 8257 7833 7384 7208 6848 6520 5723 5249 5024 4322 3805 2821 2458 1903 1662 
8 9778 9359 7623 5793 5206 4671 4325 1522 
19 9777 9341 8938 8666 8188 7533 7123 6898 6588 6204 5879 5692 5272 4783 4727 3812 2606 2168 1599 
18 9776 9553 9206 8589 8372 8248 7662 7006 6383 6144 5869 5705 4928 4189 3497 3302 2872 1895 
17 9775 9531 9275 8747 8323 7782 7350 6763 6518 5901 5638 4897 4446 4077 3806 3599 2502 
14 9774 9485 8994 8718 7112 6821 6443 6104 6025 5696 5311 5022 4838 2623 
20 9773 9487 9064 8657 8108 7807 7501 6599 6234 5989 5918 5550 5239 4840 4522 4243 3766 3192 2668 2219 
12 9772 9124 8612 8233 7887 7706 7247 6835 6546 6421 6143 4391 
14 9771 9326 8985 8804 8605 7427 5661 5323 5236 5038 4026 3500 3226 2499 
19 9770 9078 8848 8649 8539 8361 8025 7822 7688 7423 7204 6817 6106 5702 5455 4998 4082 3385 2185 
13 9769 9481 9049 8311 6988 6057 5518 5061 4538 3978 2976 2227 1484 
12 9768 9261 9139 8671 8375 8085 7788 7147 5807 3836 2811 1798 
4 9767 9251 7948 1452 
13 9766 9324 8810 8356 7685 7393 7273 7015 5568 3506 3018 2489 1837 
10 9765 9232 8263 7741 7515 7252 7061 5949 2347 1821 
22 9764 9560 9331 8979 8707 8584 8374 7903 7392 7181 6729 6184 5588 5266 5163 4947 4625 3944 3255 2727 2221 1472 
10 9763 8112 6553 6030 5840 5327 4803 4523 3107 1547 
18 9762 9552 9268 8835 8661 7878 7489 7214 6754 6545 5965 5608 5146 4551 3975 3260 2674 2080 
13 9761 9346 8243 6542 6285 5791 5353 4997 4490 3987 3558 2553 2469 
6 9760 8972 8443 8150 7678 5077 
15 9759 9562 9138 8590 7999 7566 7382 7024 6692 5919 4823 3658 3388 3110 2353 
16 9758 9452 9284 8651 8241 7930 7196 6366 5587 5365 5056 4650 4051 3660 3455 2752 
20 9757 9576 9468 9061 8770 8370 8038 7457 7096 6803 6376 6099 5459 4961 4553 4201 4151 3659 2794 2070 
15 9756 9339 8837 8290 7391 6452 6241 5765 5659 5520 5020 4845 4135 2860 1813 
15 9755 9028 8745 8231 7534 6789 6576 6097 5530 4814 4610 4146 3525 2908 1645 
17 9754 8691 8351 8151 7792 7452 7150 6832 6378 5703 5175 4711 4591 4418 3872 3100 2379 
18 9753 9512 9103 8668 8301 8187 7780 7498 6918 6521 5533 5216 4726 4277 3796 3087 2877 1956 
20 9751 9533 9308 8741 8277 7970 7658 7323 7012 6643 6405 6061 5501 4950 4640 3412 3172 2818 2301 1987 
11 9750 9293 8876 8683 8260 7824 7618 7482 5493 2761 1722 
17 9749 9358 8914 8223 8056 7673 7262 7001 6677 6389 5947 5772 5177 5019 4580 3677 2549 
17 9748 9434 8840 8358 8033 7787 7295 6797 6604 6292 6042 5355 5106 4516 3881 2678 1680 
13 9747 9245 8503 8130 7905 7465 7275 7066 6509 5637 5122 4469 1569 
16 9746 9357 9045 8635 8430 7934 7679 7138 6672 6258 5980 5805 5415 5174 4336 3861 
12 9745 9423 9072 8405 8225 8043 7854 7122 5581 2716 2643 1731 
16 9744 9507 8700 8401 8027 7945 7540 7100 6530 6067 5936 5781 5524 5097 4818 2019 
16 9743 9264 9109 8037 7794 7396 7044 6769 6477 6218 5785 5412 4501 3794 2806 1706 
17 9742 9594 9323 8936 8385 8032 7767 7171 6602 6086 5664 4890 4622 4351 3344 2697 1754 
10 9741 9376 8956 8581 8295 7925 7625 7346 5997 2939 
11 9740 8156 6256 5806 5386 5178 4076 3383 2991 2329 1479 
19 9739 9466 9085 8870 8394 7448 7008 6699 6534 6172 5514 5233 4691 3953 3306 2853 2646 2201 1439 
12 9738 9380 8818 8647 8272 8006 7453 5889 3336 3004 2427 1653 
18 9737 8874 8576 7977 7603 7549 7472 6972 6728 6437 6222 5555 4835 4519 4279 3738 2845 2200 
16 9736 9128 8865 8439 8202 7663 7059 6856 6577 6116 5897 5225 4692 4298 3571 2597 
19 9735 9222 8844 8544 8363 8326 8010 7578 7441 7263 7165 6953 6251 5762 4778 4470 3620 2778 1536 
6 9734 9377 6653 3274 2689 2202 
19 9733 9527 9089 8534 8084 7777 7521 7381 6948 6476 5988 5489 5292 4669 4508 3971 3279 2650 2194 
15 9732 9431 8933 8542 8279 7778 7010 6429 6107 5758 4812 4001 3076 2564 1473 
19 9731 9066 8781 8495 8147 7647 7249 6926 6828 6574 6113 5592 5443 5199 4802 4030 3320 2524 1619 
20 9730 9410 9143 8617 8377 8125 7993 7703 7039 6734 6679 6064 5613 5253 4992 4572 3552 3166 3001 1694 
9 9729 9374 8974 8549 8122 7506 5894 3613 2676 
17 9728 9456 8852 8278 7941 7583 7234 6995 6288 6147 5604 4843 4478 4052 3089 2363 1809 
14 9727 9465 9080 8884 8646 8442 8177 7942 7684 6240 4360 3837 3063 2096 
19 9726 9290 8966 8812 8332 7474 7337 6806 6538 6355 5800 5345 4739 4386 3819 3243 2779 2391 2013 
11 9725 9530 8014 5927 5821 4905 4632 3892 3801 3134 1916 
18 9724 9479 8861 8567 8331 8073 7331 6911 6229 5740 5283 5180 4859 4486 4067 3800 3431 2812 
10 9723 8381 6148 5625 4908 4562 4241 3536 2594 1732 
18 9722 9248 9000 8754 8513 8142 7918 7690 7400 7121 6757 6561 6323 5679 4451 4000 3643 2530 
19 9721 9428 8958 8268 8049 7856 7611 7285 6579 6468 6336 6040 5641 5362 4911 3920 3492 2669 1641 
20 9720 9584 9246 8814 8702 8153 7907 7749 7341 7120 6770 6569 6313 6103 5909 5098 3641 2962 2428 1915 
19 9719 9585 8853 8300 7795 7638 7111 7029 6847 6691 6268 5939 5574 5164 4448 4108 3665 2871 2277 
22 9718 9225 8771 8288 8042 7826 7555 7532 7195 6939 6606 6332 6096 5831 5357 4849 4242 3618 3040 2647 2403 1829 
14 9717 9569 8469 7758 7282 6850 6137 5688 5277 5138 4284 3726 2827 2421 
12 9716 9271 9030 8601 8128 7972 6813 4401 3350 2628 2475 1483 
14 9715 9330 8963 8474 8402 6651 5215 4680 4338 3995 3716 3184 2757 2334 
17 9714 8918 8627 8344 7589 7236 7125 6432 6071 5790 5509 4576 3961 3736 3389 3132 2262 
15 9713 9405 8999 8448 7594 7413 7148 6824 6362 5826 5417 4900 4177 3330 2709 
17 9712 9154 8538 7800 7373 6673 6459 6091 5789 5512 5363 5133 5029 4925 4452 3763 3246 
5 9711 9368 9121 6093 1495 
9 9710 9499 9010 8748 8619 8076 7871 7575 4934 
13 9709 9239 8978 8357 8101 7891 7074 6419 6156 5809 5290 4715 4471 
19 9708 9211 8600 8324 8065 7505 7259 6886 6598 6414 5994 5708 5270 5039 4612 3878 3382 2764 2120 
18 9706 9238 8616 8376 8193 7987 7712 7250 6742 6626 6298 5787 5548 5346 4621 3756 3118 2476 
19 9705 9498 9223 8923 8411 7967 7747 7378 7132 6987 6917 6628 6085 5734 4827 4385 3347 2743 2182 
11 9704 9371 9039 8682 8062 7806 7409 7264 7063 6834 4844 
21 9703 9519 8427 7840 7637 7321 7199 7154 6664 6508 6300 5822 5399 5229 4945 4509 4129 3834 3581 3280 2269 
19 9702 9438 9129 8920 8543 8228 7938 7733 7242 6693 6287 5795 5647 5278 4967 4173 3853 3042 2263 
6 9701 9382 9136 8824 6129 1544 
16 9700 9127 8879 8557 7843 7597 7203 6845 6575 6369 5847 5255 4375 3808 3390 2698 
6 9699 9430 9287 6434 2587 1728 
23 9698 9404 8977 8637 8304 7607 7286 7118 6930 6760 6390 6140 6036 5609 5271 5172 5010 4526 4399 4149 3488 2925 1893 
4 9697 9349 7632 2441 
9 9696 9470 9189 8846 8579 8253 6560 3682 2342 
13 9695 9460 9210 8937 8555 8328 8061 7464 6644 3884 3400 3209 2066 
17 9694 9370 9056 8832 8452 7848 7529 7202 7055 6793 6161 5834 5460 4751 3942 3472 1969 
14 9693 8266 6827 6423 6171 5961 5525 5095 4831 4188 3576 3275 2826 1691 
11 9692 9540 8941 8815 8309 7919 7621 5760 2929 2331 1586 
15 9691 9352 9092 8821 8118 7926 7537 7277 6973 6713 6402 6216 5979 4889 2258 
19 9690 9365 9069 8869 8734 8533 8492 7964 7853 7634 7157 6704 6497 6328 6261 5898 5153 4417 1701 
20 9689 9545 9426 9200 8805 8488 8217 7875 7490 7177 6885 6667 6185 5775 5430 4968 4476 2879 1971 1704 
17 9688 9337 8785 8276 7750 7339 7271 6903 6311 5871 5431 4956 4626 4488 3810 2725 2280 
21 9687 9321 9155 8798 8523 8087 7808 7336 6888 6823 6299 6056 5833 5250 4662 4556 4267 3898 2705 2508 2101 
13 9686 8767 8341 7829 7356 7151 6791 6535 6038 5755 5191 4793 2322 
12 9685 9578 8900 8479 8157 7831 7444 5788 3628 3343 2253 1552 
16 9684 9443 9194 8839 8162 7724 7491 7071 6736 6163 6035 5382 4619 4311 3890 2750 
12 9683 9164 8951 8677 8169 8000 6668 4972 4335 3342 2726 1919 
20 9682 9555 9446 9259 9114 8847 8561 8126 7447 7169 6985 6552 6306 5508 5030 4771 4155 4041 3689 2822 
19 9681 9389 8902 8287 8018 7586 7407 7240 6978 6618 6077 5666 5128 4755 4359 3964 3357 2328 1763 
7 9680 9276 8989 8727 6317 3259 2177 
20 9679 9548 8697 8462 8210 7805 7686 7115 6919 6480 5741 5498 5011 4388 3994 3764 3415 2974 2259 1576 
17 9678 9558 9151 8777 8289 7835 7513 6880 6214 5526 5379 5058 4542 3922 3630 2627 1658 
18 9677 9496 9015 8478 7962 7366 7035 6897 6681 6262 5932 5391 4898 3814 3562 3349 2574 1657 
15 9676 9541 8845 7885 7560 6700 6469 6342 6095 5718 5397 5211 5026 4588 2376 
17 9675 9536 9269 8877 8656 8334 7664 7184 6920 6690 6260 5956 5814 5575 5281 4308 2430 
16 9674 9185 8895 8221 7592 7443 7018 6779 6571 6131 5259 5130 4438 3543 2734 2265 
18 9673 9385 8855 8548 8182 7793 7175 6934 6798 6249 5689 5268 4805 4265 3662 3224 2801 2312 
18 9672 9361 9090 8235 7886 7745 7440 7134 6674 6294 5782 4929 4412 3956 3563 2868 2195 1652 
12 9671 9212 9027 8891 8422 7573 6066 5394 4904 4192 3687 2130 
11 9670 9265 8915 8519 8246 7940 7037 6297 5798 5486 4941 
20 9669 9529 9191 8743 8346 8198 7995 7676 7408 6944 6275 5804 5470 5108 4817 4425 3980 3301 2575 1759 
18 9668 9424 9093 8806 8713 8336 7976 7796 7610 6946 6303 5883 4850 4518 4276 3927 3151 2528 
19 9667 9534 9071 8811 8453 8064 8002 7572 7421 6937 6684 6136 5895 5068 4581 4261 3882 3162 2445 
18 9666 9564 9266 8834 8521 8313 8110 7732 7269 7033 6594 5854 5682 5315 4939 4081 3638 1705 
20 9665 9260 8826 8624 8186 7939 7744 7246 6860 6596 6006 5733 5484 4748 4408 4178 3733 2707 1849 1570 
6 9664 9224 8939 8816 8563 5209 
14 9663 9288 8750 8522 8413 7785 7424 7142 6614 5629 5151 4492 3519 2487 
7 9662 9196 9043 8680 8510 8071 5297 
13 9661 9445 9083 8623 8196 7937 7458 6087 3690 3069 2493 2028 1602 
13 9660 9178 8658 8384 7946 7495 7326 7213 6895 6616 5850 5067 3056 
13 9659 8968 7890 6205 5930 5527 5289 5092 4563 3797 2932 2371 2103 
16 9658 9528 8735 8349 7906 7470 7127 6826 6195 5908 5376 4791 4079 3588 3296 2691 
18 9657 9532 9242 8903 8504 8319 7757 7266 6902 6339 6213 5882 5704 5264 4816 4589 4432 3774 
10 9656 9469 9373 8836 8512 8270 7735 7479 7110 3021 
22 9655 9348 9016 8833 8592 8387 8011 7739 7539 7411 7011 6638 6394 6201 5864 4978 4627 4290 4127 2699 2273 1801 
11 9654 9579 8072 7598 7362 6054 4283 3781 3520 3179 1766 
20 9653 9329 9135 8669 8556 8305 7954 7565 7417 7098 6818 6507 6120 5824 5334 4759 3871 3538 3187 1892 
16 9652 9046 8456 8113 7636 7322 6873 6512 6166 5709 5220 5015 4702 4232 3324 2165 
17 9651 9297 9026 8583 8054 7821 7692 7067 6866 6680 6494 6146 5720 5385 5186 4419 2862 
10 9650 9236 8793 8129 7194 6428 6047 5880 5456 5226 
12 9649 9501 8850 8772 8752 8090 7655 6070 3876 3668 3178 2058 
23 9648 9383 9205 8681 8455 8117 7847 7361 7176 6958 6811 6523 6371 6219 5878 5505 5048 4484 4230 3569 3284 3060 1549 
16 9647 8954 8348 8168 7661 7528 6766 6279 5506 5065 4596 4294 3880 3106 2423 1581 
15 9646 9451 8410 7834 7348 6959 6721 6449 5900 5531 4964 4675 4144 2889 2629 
19 9645 9549 9233 8893 8318 8046 7734 7387 6915 6582 6008 5845 5421 5183 4970 4747 4162 3634 2448 
19 9644 9013 8547 8199 7820 7624 7220 6956 6702 6496 6337 6235 5761 5157 4374 3771 3586 2890 2196 
17 9643 9486 9161 8995 8214 7968 7552 7367 6971 6470 5685 5329 5062 4061 3508 2255 1742 
19 9642 8873 8551 8424 8075 7819 7670 7422 7030 6685 6465 6312 5653 4917 4489 4215 3868 3048 1887 
13 9641 9457 9053 8688 8284 7595 7146 6399 5877 5383 5047 4604 2759 
18 9640 9281 8992 8482 7876 7652 7332 6992 6725 6014 5633 5469 4955 4757 4193 3577 2961 2138 
16 9639 9422 9216 9100 8444 8254 7927 7538 7244 6950 6647 5828 5154 4926 4172 3265 
11 9638 9454 9098 8527 8285 7839 7613 6384 3113 2361 1677 
8 9637 9525 9166 8699 8306 5624 2369 1418 
15 9636 9317 9044 7725 6084 5873 5639 4825 4272 3725 3214 2873 2616 2271 1881 
13 9635 9490 9215 9012 8851 8659 8298 7773 6151 3244 2891 2457 1545 
13 9634 9304 8930 8634 8250 8170 7614 7486 7303 7085 6619 6334 5982 
21 9633 9524 9117 8573 8206 7723 7554 7288 7179 6719 6555 6027 5974 5677 5551 5384 4527 3917 2953 2807 2113 
12 9632 9418 8039 6194 5951 5773 5321 4708 4222 3728 2870 2114 
17 9631 9282 8822 8226 7897 7591 7153 6609 6335 6092 5813 4678 4116 3587 3074 2656 1419 
12 9630 9586 9184 8431 8074 7899 7255 6782 6348 5714 5513 3720 
6 9629 9179 8746 8352 8227 4725 
16 9628 9575 9005 8800 8407 8068 7842 7311 6931 6768 6295 5986 5670 5115 4483 2586 
13 9627 9398 9096 8981 8594 8262 8092 7846 7290 6879 5855 3297 1579 
18 9626 9572 9202 8761 8369 7997 7298 6838 6326 6060 5273 4797 4440 4218 3707 3046 2073 1490 
22 9625 9270 8615 8148 7910 7641 7306 7166 6852 6714 6273 5861 5542 5427 4994 4676 4240 3427 2795 2326 1812 1426 
13 9624 9589 9417 9065 8797 8494 8321 7909 6833 4275 3380 2562 1811 
18 9623 9254 8980 8803 8265 8023 7644 7359 6955 6401 6111 5876 5687 5316 4799 3653 3020 2064 
12 9622 9302 9112 8991 8487 8089 7867 7379 6990 5810 5444 3441 
17 9621 9022 8517 8190 7769 7374 6790 6666 6250 5599 5338 4735 4133 3452 2813 2509 1909 
19 9620 9402 8988 8693 8069 7656 7531 7197 6998 6801 6215 5906 5594 5331 4909 4647 3695 3337 2005 
19 9618 9258 8904 8312 7865 7672 7209 6727 6364 6074 5924 5534 5364 5256 4974 4320 3464 2582 1962 
18 9617 9213 9037 8790 8546 7675 6730 6640 6504 6271 6203 5852 5463 4698 4341 3804 2985 2516 
15 9616 9550 8165 6270 5884 5496 5143 4779 4565 3979 3670 3313 2590 2307 2069 
21 9615 9568 9351 9095 8744 8530 8426 8021 7682 6979 6759 6291 5671 5458 4912 4631 4512 4212 3111 2450 1713 
18 9614 9310 8843 8261 8116 7983 7478 7135 6799 6513 6094 5549 5053 4660 3698 3268 2081 1427 
18 9613 9493 9241 9193 8882 8715 8163 8026 7497 6943 6398 6193 5915 5735 5673 5467 4949 2814 
13 9612 9580 9419 9081 8940 8397 7559 7308 7004 6636 6436 5969 4350 
17 9611 9557 9283 8973 8366 8034 7763 7377 6867 6365 5631 5322 5080 4364 3644 2820 1669 
11 9610 9516 9195 9051 8952 8571 7128 5407 5126 4395 3827 
3 9609 8670 5665 
10 9608 9171 9038 8465 8232 7985 7742 7232 7075 5780 
19 9607 9299 8993 8725 8607 8355 8083 7681 7563 7131 6830 6242 5827 5119 4547 4042 3649 2608 1877 
21 9606 9544 9160 8749 8337 8030 7721 7590 7406 7225 6993 6483 6105 5923 5726 5560 5361 4570 4339 3206 1760 
23 9605 9522 9407 9116 8778 8396 8135 7729 7395 7050 6812 6358 6211 5922 5640 5326 4668 4039 3823 3446 3248 2381 1442 
16 9604 9301 8475 7963 7523 6986 6775 6344 6010 5612 4991 4423 3935 3153 2819 1758 
15 9603 9570 9230 8464 7830 7342 6608 6210 5754 5328 4745 3984 3631 3023 1938 
15 9602 9561 9257 8632 8123 7557 7000 6562 6114 5419 4931 4789 4231 3000 2593 
14 9601 8705 8447 8274 8050 7752 7609 7294 6723 6396 6051 5940 5753 5441 
12 9600 9565 9350 8944 8398 8203 7760 6154 3787 3397 2894 1636 
20 9599 9267 8864 8409 8176 7914 7738 7574 7268 6858 6778 6489 6126 5558 5472 5217 4896 4439 3481 2492 
9 9598 9369 9134 8905 8714 8485 7979 7581 4554 
9 9597 9505 9105 8597 8404 8111 7944 6527 2724 
11 9596 9510 9312 9180 8716 8192 6688 4288 3755 3013 2131 
21 9595 9406 9007 8572 8302 7740 7548 7274 6957 6652 6495 5921 5715 5476 5198 4954 4574 4190 3841 3378 3252 
