26 9999 9252 8990 8816 8689 8416 7969 7442 7100 6366 5764 5056 4711 4076 3740 3124 2948 2340 1939 1537 728 6 5679 3844 2150 1037 
29 9998 9212 8814 8515 8231 7955 7640 7387 7070 6905 6240 5964 4981 4703 4521 4232 3999 3838 3204 2709 2216 1507 722 560 179 6488 3950 2018 474 
29 9996 9334 8892 8230 7927 7636 7271 6765 6279 5772 5505 5079 4730 4199 3597 3401 2946 2377 1728 1423 1170 875 378 7256 4802 3756 2569 1758 479 
25 9995 9318 8704 8037 7694 7043 6637 6091 5499 5143 4674 4421 4140 3626 3125 2862 2457 1989 1783 1181 798 123 4870 3412 791 
29 9994 9627 9184 8733 8198 7812 7586 7210 6988 6598 6009 5887 5717 5488 5243 4984 4253 3359 3134 2877 2594 1955 1277 1019 24 4126 2191 1737 445 
28 9993 9580 9108 8759 8417 8029 7523 7415 7239 6903 6120 5877 5487 4858 4648 4072 3554 3276 2610 2197 2015 1602 1002 574 131 6600 2517 1130 
27 9992 9309 8863 8498 8171 7900 7588 7221 6790 6409 5474 5319 5081 4721 4205 4079 3608 2757 1886 1290 643 359 5903 5030 3044 1515 443 
26 9991 9589 9276 8818 8536 8296 7557 7018 6877 6625 5933 5627 5396 4854 4531 3837 3262 2487 1891 1317 527 6595 3694 2218 1059 319 
27 9990 9307 8604 8238 7989 7522 6972 6539 5897 5512 5287 4901 4559 4285 3528 3273 2810 2199 1514 972 427 72 9581 6198 2823 1644 555 
34 9989 9469 9204 8926 8741 8393 8079 7737 7413 7270 7078 6659 6277 5977 5749 5289 4783 4291 3973 3378 2464 2125 1876 1626 1353 1015 480 254 5889 3833 3177 1976 1192 16 
25 9988 9490 8911 8518 8252 7740 7094 6455 6174 5392 4841 4472 4074 3393 2839 2306 1845 1058 51 5583 4123 1890 1430 338 158 
29 9987 9585 9383 9009 8486 8295 7806 7298 6862 6710 6222 5782 5445 5098 4731 4326 3975 3532 3156 2650 2273 1523 729 63 7245 4466 2586 1175 489 
32 9986 9641 9254 9144 8763 8144 7874 7555 7087 6918 6587 6351 6153 5709 5439 5036 4495 4164 3736 3338 3067 2707 2162 1790 1457 1136 334 46 5984 4156 2847 1342 
30 9985 9614 9187 9026 8405 7798 7578 7197 7005 6567 6185 5873 5678 5330 4873 4514 4301 4062 3506 3098 2596 2172 1755 1394 786 403 8551 4249 1590 107 
28 9984 9609 9310 8982 8125 7701 6926 6432 6346 5689 4756 4460 4324 3983 3465 3096 2751 2179 2026 1682 1225 992 776 247 4390 3681 1913 1009 
26 9983 9617 9488 8896 8553 8343 8053 7814 7517 7348 6779 6616 6434 6145 5597 5216 4362 3778 3232 2781 2280 1001 180 5815 2736 662 
29 9982 9331 8870 8476 8217 7909 7572 7174 6961 6811 6282 6047 5803 5368 4987 4932 4267 3712 3377 2572 2233 1978 1149 890 650 5454 3911 1425 89 
32 9981 9484 9121 8853 8522 8216 8041 7912 7619 7285 6737 6262 6100 5682 5577 5051 4718 4280 3920 3768 3252 2504 2373 1908 1624 697 127 7318 5041 3258 1024 232 
28 9980 9594 9294 9183 8647 8402 7958 7795 7188 6893 6363 5991 5406 5078 4254 3459 2891 2409 2115 1701 864 300 9191 7782 4650 3524 2156 941 
24 9979 9155 8641 8139 7910 7164 6397 6267 6079 5549 5035 4647 4287 3429 2894 2193 2032 1875 878 384 52 4481 2526 1250 
31 9978 9498 8991 8391 7975 7646 7483 7165 7016 6820 6694 6575 6375 5901 5502 5353 5132 4583 3998 3550 2977 2441 1821 1224 508 8607 5966 5237 3660 3126 1312 
27 9977 9583 9286 8910 8055 7664 7421 7032 6711 6173 6121 5681 5343 5080 4567 3984 3574 3053 2249 1546 1114 505 55 7609 3781 1448 571 
29 9976 9553 9115 9084 8769 8458 7792 7199 6909 6365 6075 5612 5356 4609 4159 3684 2774 2357 1972 1544 1069 658 237 7031 4904 2995 1491 1186 69 
27 9975 9615 9251 8643 8176 7841 7614 7449 7155 6764 6215 5421 4958 4866 4538 4031 3406 2630 2341 1778 1265 705 189 5537 4529 2205 589 
30 9974 9181 8968 8657 8357 7821 7125 6896 6580 6053 5712 5548 5215 4882 4404 3705 2919 2645 2333 1895 1611 1077 492 101 6933 5129 3954 2584 2058 993 
25 9973 9587 9335 8845 7988 7478 6780 6704 6420 5994 5746 5363 4698 4348 3913 3486 2814 1899 1369 1216 954 317 4773 1956 837 
29 9972 9353 8857 8456 7817 7476 7013 6508 6287 5841 5725 5360 4277 4098 3803 3605 3436 2372 2127 1589 790 217 8039 4286 3396 3076 1734 1210 150 
31 9971 9316 8943 8729 8448 7802 7548 7460 7363 6545 5859 5616 5419 4856 4620 4222 3821 3480 3253 3002 2856 2327 1966 1509 1316 937 599 226 5934 3579 888 
31 9970 9628 9476 9260 8899 8597 8328 7768 7356 6741 6422 6236 6187 5643 5367 5027 4155 3893 3663 3087 2725 2334 2043 1511 981 547 6599 3442 2876 1520 416 
26 9969 9513 9097 8966 8452 7818 7455 6954 6356 5618 5017 4790 4374 3943 3545 2947 2028 1576 1145 894 546 1 4768 3060 2198 548 
28 9968 9572 8838 8451 8236 7862 7498 6829 6483 6010 5722 5246 5044 4549 4354 3879 3428 2923 2520 2040 1829 1337 657 7914 6729 4400 2912 1560 
27 9967 9443 9228 9130 8873 8413 7884 7579 7190 6642 6136 5848 5434 4833 4382 3957 3483 3102 2582 2434 2025 1249 623 7678 4260 2715 1415 
29 9966 9397 9247 8897 8680 8218 7567 7291 7124 6902 6644 6219 6027 5757 5420 5104 4771 4202 3515 2754 2445 2045 1431 847 461 5535 3704 1577 5 
27 9965 9402 8886 8511 7904 7663 7379 7120 6602 6203 5896 5270 4775 4173 3330 3062 2791 2277 1642 1146 805 257 5919 4716 2144 784 289 
29 9964 9554 9455 9112 8898 8811 8521 8201 7820 7146 6734 6066 5284 4885 4369 3901 3239 2879 2354 1911 1418 812 521 71 8407 5959 3716 2145 1241 
27 9963 9257 8888 8374 8036 7726 7488 7082 6760 6449 6199 5599 5248 4615 4134 3508 2537 2104 1748 1206 668 6885 5160 3856 2339 1123 682 
28 9962 9119 8654 8340 7865 7527 7338 7061 6722 6606 5904 5560 5292 4613 4054 3890 3086 2322 2031 1709 1565 966 409 8315 5171 1772 1148 528 
29 9961 9505 9061 8633 8316 8167 7870 7561 7161 6939 6566 6359 5902 5055 4818 4594 3792 3024 2276 1806 1286 912 358 6982 5383 3867 3036 1100 306 
24 9960 9400 8996 8554 8203 7887 7425 6827 6140 5706 5412 4423 4039 3559 3020 2286 1838 1190 535 7995 4170 2090 1036 164 
26 9959 9298 9082 8669 8480 8073 7352 7009 6774 5775 4887 4414 3997 3651 3257 3130 2556 1759 1252 969 595 9106 5938 4632 1925 1191 
25 9958 9248 8748 8390 8000 7612 7260 6706 6300 5842 5587 5210 4578 4241 3362 2897 2462 1696 1259 905 400 115 4248 3139 1344 
26 9957 9532 9091 8639 8248 7953 7718 7632 7410 7157 7101 6690 6063 5639 5271 4706 3959 3255 2764 2336 2227 1857 1341 201 4926 2524 
28 9956 9569 9243 8864 8555 8314 8028 7730 7196 6798 6641 6367 5724 5146 4831 4408 4225 3700 2925 2681 1859 1161 619 8085 4506 2785 1434 320 
27 9955 9206 8904 8705 8352 7654 7289 6993 6459 6043 5442 5058 4340 3683 3464 2808 2577 2200 1622 1082 819 514 8858 6214 3316 2234 45 
27 9954 9499 9249 8984 8457 8186 7690 7140 6496 6038 5430 5088 4445 4026 3317 3166 2833 2461 2022 1432 891 223 6720 4175 3367 2057 750 
26 9953 9418 9176 8976 8574 8397 7945 7370 6944 6389 6054 5390 4699 4047 3737 3403 2957 2484 1699 734 419 8980 4236 2297 1247 227 
28 9952 9389 8965 8809 8130 7687 6999 6788 6441 5890 5610 5192 5107 4772 4212 3652 3277 2730 2454 1732 1371 1266 920 258 7883 3696 931 22 
27 9951 9466 9196 8703 8225 7509 6927 6655 6407 6037 5692 5111 4694 3945 3502 2981 2456 2077 1500 1272 1163 859 218 6021 3339 1826 156 
26 9950 9303 8894 8473 8150 7808 7655 7296 7054 6826 6333 5929 5569 4988 4590 4142 3714 3371 3140 2871 1946 1343 752 8141 4944 2442 
31 9949 9292 9147 8895 8559 8132 7698 7563 6596 6133 5556 5121 4838 4646 4092 3741 3191 2872 2345 2099 1445 1320 998 672 9832 6959 4172 2713 1846 724 288 
28 9948 9277 9001 8611 8147 7750 7213 6738 6417 6217 5816 4806 4555 4154 3629 3289 2941 2809 2523 1935 1313 856 137 6613 4166 2777 1407 906 
27 9947 9432 9199 8747 8437 8163 7716 7359 7089 6963 6489 5960 5506 5042 4749 4032 2883 2388 1957 1384 818 119 5209 2138 1257 590 185 
31 9946 9349 9019 8751 8531 8080 7700 7538 7130 6614 6244 5694 5340 5032 4761 4597 4113 3394 2804 2238 1771 1725 1234 755 270 6416 4804 3302 1769 1016 308 
28 9945 9371 9126 8826 8580 8050 7776 7398 7145 6682 6305 6106 5277 4880 4709 4419 4036 3336 2915 2597 1967 1550 1068 832 8946 4318 2258 949 
29 9944 9458 9054 8908 8500 8129 7549 7109 6705 6137 5770 5570 5348 5161 4544 4000 3388 3111 2548 2284 2008 1541 1493 616 8019 5528 3811 3117 1067 
27 9943 9530 9317 8969 8671 8462 7772 7412 6916 6281 5521 4971 4547 4208 3298 2579 2177 1628 870 509 464 113 7277 6245 2768 1752 375 
27 9942 9535 9143 8708 8368 8131 7860 7546 7250 6883 6749 6452 6078 5558 5060 4606 4111 3891 3413 2802 1922 1326 758 5751 3898 2563 794 
26 9941 9545 8912 8655 8576 8237 7644 7508 6837 6291 5992 5870 5408 5040 4240 3548 3004 2282 1872 1486 1034 176 5153 3187 1788 190 
29 9940 9531 8951 8676 8322 8170 7939 7551 7355 6904 6116 5783 5208 4517 4425 4061 3578 3094 2892 2476 2272 1878 1167 921 97 4796 3630 1542 473 
25 9939 9267 8325 7972 7528 6813 6369 6212 5888 5176 4305 3780 3328 3234 2495 2270 1850 1301 806 381 9053 4966 4050 2358 229 
31 9938 9548 8835 8411 8035 7899 7303 6859 6372 6077 5806 5361 4930 4532 4235 3912 3754 3305 3007 2062 1584 1370 1188 607 83 9049 5334 4107 2873 1422 659 
26 9937 9467 8789 8409 7747 7533 6654 6315 6004 5559 4997 4668 4016 3243 2551 2362 1501 852 677 161 6956 5377 4469 3183 1531 281 
29 9936 9429 9211 8855 8336 8022 7681 7237 6442 5729 5085 5024 4679 4498 4028 3650 3381 3113 2878 2285 1847 1269 1054 617 269 5310 3186 1574 271 
28 9935 9428 9033 8620 8418 7968 7775 7154 6906 6540 6086 5928 5328 4577 3952 3390 2865 2602 1979 1635 1376 1028 634 25 3902 3025 1711 678 
26 9934 9448 9258 8803 8361 8098 7600 6810 6067 5646 5183 4911 4347 3964 3657 3374 3079 2651 2303 1777 1381 860 332 7080 4067 1239 
28 9933 9326 8901 8142 7661 7333 6930 6756 5858 5598 5114 4641 4450 4304 3830 3345 2859 2511 2124 1435 694 8849 6154 4896 3122 1813 1421 377 
33 9932 9606 9422 9160 8707 8589 8233 8089 7535 7111 6919 6742 6415 5976 5655 5429 5119 4928 4879 4485 4087 3794 3274 2843 2581 1897 1703 1319 866 160 3671 2439 250 
30 9931 9323 8940 8479 8189 8046 7999 7651 7512 7194 6516 6225 5441 4843 4226 3633 2811 2606 2382 2232 1619 1177 695 379 12 6294 4701 3682 1608 187 
28 9930 9564 9268 8831 8659 8523 8395 7915 7631 7284 6967 6572 5911 5565 5398 4979 4587 4139 3360 3227 2824 2498 1879 1201 239 5865 3179 626 
30 9929 9229 8755 8243 7521 7326 7027 6838 6480 6311 6253 6084 5923 5737 5219 4536 4053 3928 2986 2703 2432 2122 1428 1103 203 6845 3922 2803 1364 515 
26 9928 9379 8862 8475 8222 8096 7450 6951 6657 5805 5135 4405 3888 3658 2942 2558 2310 1754 1403 982 503 169 5588 3425 2758 314 
28 9927 9398 9255 9070 9015 8558 7683 7240 6576 6370 5993 5498 5164 4814 4221 3477 2960 2507 1761 995 531 196 7136 6200 4279 2244 1862 883 
30 9926 9354 8742 8353 7942 7615 7074 6675 6466 5916 5710 5423 4923 4441 4244 3985 3654 3437 2983 2690 2019 1585 918 712 219 8854 5127 2940 1842 530 
32 9925 9285 8885 8594 8471 8094 7703 7432 7286 6841 6805 6436 6306 5905 5473 4934 4482 4008 3588 3303 2478 2082 1762 1679 1304 1106 483 5941 3831 2378 1048 170 
26 9924 9233 8460 8075 7552 7034 6701 6286 6018 5631 4898 4230 3723 3194 2654 2268 1739 1663 1189 803 639 7494 5771 3482 1440 721 
30 9923 9417 9330 9137 8952 8344 8136 7765 7357 7212 6823 6569 6135 5404 4722 4519 4380 3934 3453 3038 2361 1894 1586 1346 1032 58 5263 3471 2141 498 
30 9922 9216 9034 8761 8149 7672 7178 6889 6383 5680 5355 5142 4884 4420 4207 3938 3340 2837 2477 2257 1951 1351 944 731 388 6257 3665 1568 899 0 
28 9921 9125 8791 8487 8066 7816 7346 7149 6914 6465 5809 5541 4972 4509 4344 3936 3521 3006 2819 2292 1695 1623 1115 782 278 5149 3322 1380 
29 9920 9561 8974 8369 7991 7736 7408 7185 6744 6534 6149 5802 5463 5168 4690 4337 3520 3033 2898 2402 1889 1741 1318 642 8078 6168 3240 2265 534 
27 9919 9344 9109 8820 8300 8008 7393 7045 6922 6460 5666 5131 4298 3627 3218 2999 2637 2538 2222 1723 1157 844 430 8372 4753 2642 1035 
29 9918 9345 8837 8489 8158 7686 7319 6804 6314 6017 5635 5265 5003 4860 4056 3690 3376 2958 2601 2483 1947 1496 1215 7382 5181 4655 3295 2137 177 
28 9917 9384 9044 8443 7938 7437 7056 6192 5969 5317 4968 4533 4345 3930 3549 3456 3054 2605 1990 1688 1202 973 533 242 9189 5492 2519 446 
26 9916 9504 9127 8999 8347 8032 7699 7495 6558 6097 5496 4685 4307 4201 3510 3014 2423 2039 1254 532 7781 5128 4165 3331 2916 606 
30 9915 9610 9056 8749 8058 7666 7248 7037 6581 6387 5849 5199 4664 4341 3967 3577 3019 2888 2544 1982 1324 1043 858 491 8220 6428 3632 2649 1302 383 
23 9914 8851 8691 8002 7456 7038 6714 6331 5834 5623 5255 4599 4187 3828 3143 2697 1800 1453 517 8152 5465 3363 1612 
31 9913 9368 9169 8757 8093 7594 7228 6809 6510 6486 6411 6074 5457 4954 4539 4424 3926 3509 2924 2562 1993 1311 828 585 279 95 7576 4077 1961 554 23 
31 9912 9595 8978 8376 8207 7839 7114 6755 6336 6011 5778 5562 5096 4329 4019 3812 3231 3127 2489 1834 1532 1039 735 538 172 6543 4803 3119 2673 1465 280 
24 9911 9566 9190 8507 7757 7123 6412 5736 5286 5004 4575 4037 3825 3048 2593 1617 1199 898 391 214 8103 4535 2854 1562 
33 9910 9452 8972 8527 7913 7801 7580 7349 6646 6138 5811 5659 5416 5084 4312 3846 3568 3320 2951 2534 2248 1975 1843 1409 967 727 390 8424 5147 3735 3373 1689 53 
27 9909 9487 9227 8884 8628 8285 7888 7422 7304 7010 6378 5972 5452 5108 4361 4033 3747 3074 2450 2151 1655 940 565 5955 2603 1558 385 
29 9908 9568 9006 8804 8182 7926 7749 7252 7053 6832 6448 6082 5763 5590 5444 4942 4704 4264 3167 2675 2287 1936 1533 1071 301 5462 3640 2140 106 
30 9907 9558 9179 8371 8284 8006 7414 7152 6696 6605 6220 5755 5379 4621 4375 3675 3043 2522 2181 1789 1527 1088 613 418 194 5112 4144 3636 1795 563 
29 9906 9288 9161 8599 7970 7797 7307 7097 6761 6297 6211 5769 5223 5065 4570 3978 3619 3449 2762 2230 1830 1350 936 573 28 5483 3877 1492 216 
30 9905 9520 9096 8765 8610 8202 7875 7376 7057 6863 6691 5925 5436 4918 4504 3880 3703 3563 3088 2705 2243 1552 865 470 64 6227 4573 2154 1712 421 
28 9904 9494 8992 8785 8651 8592 8392 8241 7876 7351 7102 6666 6122 5699 5411 4633 4198 3817 3422 2794 2560 2161 1044 19 5503 2693 1923 596 
29 9903 9336 9067 8737 8389 8043 7758 7278 7162 6965 6836 6549 6234 5971 5622 5264 4542 3889 3481 2790 2546 2204 1799 1155 990 566 47 4005 2169 
26 9902 9393 8981 8461 8031 7712 7345 6754 6169 5839 5378 5140 4820 3918 3479 2976 2667 1945 1255 1087 707 438 149 6093 4115 1817 
25 9901 9301 8822 8265 7834 7679 7021 6264 5726 5304 4270 3924 3389 2623 2275 1672 1355 1231 549 50 7639 4759 1556 1014 311 
29 9900 9089 8876 8385 8297 8102 7518 7172 6917 6677 6065 5568 4865 4496 4105 3631 3327 2547 1986 1634 1056 486 339 8128 5837 3611 2228 1573 437 
29 9899 9470 9083 8668 8408 8070 7656 7227 6470 6205 5836 5733 5602 5100 4266 3848 3542 3307 2748 2422 1851 1357 331 37 5942 5134 3123 1160 130 
26 9898 9525 8768 8304 7967 7453 7042 6908 6404 6128 5676 5089 4554 4013 3344 2745 2246 1564 1144 693 251 5954 3610 2038 873 13 
30 9897 9605 9027 8762 8591 7944 7650 7536 7052 6878 6511 6232 5702 5386 5169 5067 4681 4211 3835 3485 2967 2473 2183 1713 1263 618 6430 3919 2239 43 
32 9896 9635 9570 9442 9182 8944 8612 8211 7978 7671 7323 6970 6695 6184 5855 5531 5154 4738 4310 4075 3170 2704 2041 1508 1396 770 307 6475 4784 3353 1600 220 
30 9895 9616 9451 8983 8363 7510 7187 7014 6732 6444 6103 5617 5281 4999 4758 4315 4178 3615 2735 2533 1940 1485 876 754 267 21 6056 5532 3181 572 
28 9894 9596 9290 8775 8190 7684 7386 7039 6831 6398 6147 5953 5440 4869 4658 4274 3727 3175 2731 2250 1906 1116 604 7545 4852 3592 1751 553 
23 9893 9519 9269 8560 8303 7872 7340 7193 6783 6453 5468 4810 4630 4320 3728 2901 2403 1727 1102 8502 4834 3155 929 
27 9892 9439 8879 8153 7962 7658 7295 7063 6522 5884 5759 5124 4689 4229 3507 3047 2620 2513 1937 1488 922 439 7222 4574 1779 1093 502 
25 9891 9385 9059 8688 8319 8034 7526 7003 6391 5947 5697 5074 4732 4124 3788 3214 2904 2300 1456 830 361 5917 3937 2965 1639 
26 9890 9638 9107 8793 8298 7867 7367 7195 6665 6254 5799 5253 4853 4434 3719 3570 2982 2742 1692 1242 579 10 4611 2836 1746 1271 
29 9889 9526 9222 8846 8488 8174 7743 7559 7083 6464 6072 5781 5083 4863 4617 4121 3625 2955 2485 2149 1910 1193 433 65 6402 3763 2840 1512 785 
31 9888 9320 9232 9018 8169 7569 7375 6977 6478 5900 5579 5189 4840 4524 4444 4003 3399 3008 2397 2119 1801 1392 1096 999 609 7426 5349 3448 2608 1670 970 
28 9887 9369 9164 8712 8289 7752 7184 6866 6263 6111 5800 5471 4915 4571 4300 3774 3313 3083 2587 2294 2180 1632 1295 1022 488 5345 2418 768 
34 9886 9390 9218 8875 8679 8115 7789 7439 6821 6388 5826 5674 5458 5059 4844 4427 4233 3960 3443 3195 3056 2515 2131 1694 895 440 233 6603 4957 4239 3128 1805 747 397 
26 9885 9629 9308 8860 8212 7809 7325 6686 6183 5578 5194 4787 4642 4426 4012 3142 2160 1630 831 367 7653 5645 3815 1907 1260 1066 
30 9884 9481 9110 8798 8557 8117 7800 7328 7203 6700 6604 6206 5936 5201 4561 4331 3886 3546 2972 2568 2312 1836 1233 628 344 9111 6190 2838 1996 504 
28 9883 9424 9173 8662 8061 7400 7219 7012 6727 6176 5825 5626 5302 5047 4903 4487 3767 3348 2589 1905 1219 834 370 145 5387 3172 2126 690 
32 9882 9496 9338 9055 8807 8087 7591 6899 6542 6446 6002 5670 5449 4742 4422 4251 3793 3445 2829 2661 2467 1814 1404 1041 192 7511 6668 5564 3878 2766 1021 138 
26 9881 9291 9048 8832 8552 8178 7788 7440 6803 6667 6237 5748 5540 5342 5034 4451 4090 3357 2559 2060 1871 1280 753 98 3534 1109 
26 9880 9312 8967 8434 8281 7815 7103 6582 5758 5087 4431 4193 3539 2944 2696 2281 2061 1669 1064 756 310 5552 4765 2930 2048 1125 
29 9879 9512 8865 8439 8196 7516 7230 6660 6249 5788 5418 5157 4565 4262 4025 3395 2979 2564 1730 1569 974 561 424 54 6493 4989 3169 2813 726 
26 9878 9192 8615 8159 7702 7026 6280 5373 4995 4729 4563 4294 3971 3430 2782 2660 2175 1716 1142 764 261 6003 3266 2147 1053 586 
26 9877 8830 8350 7886 7474 7242 6730 6556 5662 4986 4712 4385 4147 3786 3416 2783 2436 1710 1184 951 299 7613 3845 3099 1139 276 
23 9876 9612 9434 8959 8696 8076 7722 7265 6996 6676 5996 5497 4889 4376 3948 3115 2278 1382 769 292 5326 3171 15 
27 9875 9527 9356 9016 8287 7866 7372 6860 6537 6204 5649 5091 4589 4104 3450 2935 2514 2226 1627 1156 472 8724 5545 2858 1824 1131 526 
34 9874 9640 9395 9093 8872 8630 8329 7783 7471 6942 6713 6399 6101 5879 5691 5268 5094 4811 4618 4462 4021 3370 2998 2425 2010 1606 887 86 7760 5008 3260 2305 1095 328 
28 9873 9118 8922 8718 8306 7949 7507 7454 7085 6631 6126 5522 5320 5013 4725 4269 3790 3178 2242 2078 1314 829 411 7216 4507 3452 2042 684 
31 9872 9388 8927 8575 8245 8048 7719 7282 6849 6492 5701 5301 4842 4477 4290 4030 3677 3281 2903 2592 2269 1861 1395 1221 932 614 8709 3765 1138 743 184 
30 9871 9101 8466 8052 7634 7420 7081 6966 6721 6099 5867 5443 4964 4845 4257 4102 3981 3286 3151 2615 2128 1802 1436 518 126 6152 4397 2734 2253 1051 
29 9870 9632 9213 9010 8695 8653 8256 7623 7223 6288 5807 5410 5250 4897 4637 4179 3906 3101 2655 2455 2105 1549 849 412 77 5529 3324 1768 304 
29 9869 9529 9175 8961 8570 8380 7992 7847 7192 6757 6500 6098 5294 4653 4491 4297 3457 3237 2360 1791 1522 1011 274 7822 5197 3873 2578 979 74 
29 9868 9543 9203 8881 8621 8313 7638 7378 7050 6564 6110 5924 5347 5020 4752 4118 3616 3310 2737 2254 2017 1454 520 39 5886 3562 2600 1038 674 
26 9867 9528 9287 8917 8532 7908 7272 7017 6697 5899 5285 4740 4546 4313 3931 3174 2867 2134 1645 809 293 7251 4467 2375 1368 422 
29 9866 9533 9220 8957 8661 8496 8293 7780 7353 7000 6458 6186 5641 5384 4976 4171 3949 3734 3092 2518 1953 1657 1471 1084 245 4391 3384 1285 405 
28 9865 9378 9038 8616 8247 7858 7767 7459 7079 6527 6302 5943 5509 5188 4849 4582 3917 3490 3059 2192 1603 1200 989 525 125 6151 3519 2036 
30 9864 9404 9194 8842 8632 8455 7925 7641 7288 6815 6358 6059 5667 5337 4669 4353 3854 3634 3311 2945 2674 2530 1977 1366 496 92 4794 2394 908 171 
28 9863 9461 8916 8510 8020 7936 7620 6937 6515 6115 5591 5200 4782 4299 3813 3589 3304 2896 2566 2007 1321 907 30 6664 4607 4259 2212 544 
23 9862 9041 8852 8440 8047 7534 7058 6745 6301 5931 5389 4649 4177 3601 2905 2178 1749 903 298 5254 3256 1835 820 
27 9860 9328 8841 8271 7890 7626 7300 7106 6628 6150 5572 5280 4247 4014 3807 3573 3146 2575 1903 1607 1207 661 8598 4937 2440 2167 1414 
30 9859 9577 9302 8629 8224 7709 7419 7092 6533 6355 6177 5845 5686 5212 5053 4683 3900 3213 2932 2488 2092 1912 1519 902 670 8299 6229 3291 2037 675 
34 9858 9592 9207 8977 8420 8024 7725 7428 7084 6689 6339 5995 5580 5426 5305 4875 4708 4370 4015 3473 3138 2617 2094 1971 1458 897 507 323 9151 4751 2648 1387 703 236 
30 9857 9366 8797 8465 8016 7341 7160 6870 6739 6503 6324 5624 5224 5118 4652 3874 3572 2853 2486 1766 1613 802 342 110 7205 4091 2609 666 625 182 
26 9856 9363 8730 8338 8025 7541 7287 7170 7002 6513 5453 4953 4459 4158 3916 3513 3078 2611 2173 1640 741 260 4922 3333 2202 62 
32 9855 9517 9195 8989 8678 8290 8015 7565 7299 7211 6834 6554 6386 6104 5684 5350 4600 3980 3444 3224 2683 2451 2056 1774 1388 815 368 8 5241 3762 1681 1060 
27 9854 9343 9166 8694 8658 8333 7940 7241 6773 6143 5913 5530 5103 4552 4456 4051 3862 3493 2771 2374 1885 1629 615 17 2922 2401 593 
29 9853 9347 8656 8564 8514 8124 7461 7060 6818 6552 6298 5765 5427 5070 4902 4654 4293 3743 3157 2349 2108 1583 1287 749 253 6687 4099 1420 487 
35 9852 9507 9409 8700 8345 8199 7984 7649 7264 6792 6410 6061 5754 5182 4893 4666 4463 4215 4143 3818 3284 2531 2067 1954 1678 1336 1006 739 576 244 5325 3709 1599 612 252 
31 9851 9518 9188 9062 8828 8519 8381 7893 7438 6952 6789 6364 6178 5630 5303 4933 4795 4402 3810 3424 2438 2240 2102 1195 916 285 18 5266 2391 939 667 
31 9850 9538 9480 9063 8738 8406 7997 7575 6955 6636 6088 5843 5372 5220 4714 4430 4117 3725 3475 2917 2699 2363 1974 1582 909 249 5566 4065 1893 1700 523 
29 9849 9550 9399 8810 8501 8386 8242 8081 7506 6960 6634 6431 6179 5606 5228 4938 4675 4089 3107 2893 2142 1870 1268 386 6497 5324 3590 1152 630 
31 9848 9642 9264 8825 8365 8226 7892 7799 7621 7141 6454 6385 6167 6015 5628 5327 4727 4413 3993 3566 3189 2612 2109 1948 1214 455 7 4917 3417 2963 577 
31 9847 9501 9270 9186 8726 8422 8273 7500 7176 6915 6406 6259 6087 5810 5242 4416 3962 3609 2909 2321 2089 1665 1127 611 287 5914 4447 3323 2573 1787 365 
31 9846 9329 8744 8173 7996 7705 7129 6935 6322 6094 5920 5611 5006 4823 4624 3940 3673 3165 2714 2552 2261 2044 1638 1052 774 198 6231 3755 2710 1674 698 
27 9845 9500 9325 9004 8549 8278 7852 7648 6949 6658 6396 6235 5629 4682 4153 3540 3161 2886 2174 1074 283 6424 5354 3259 1896 333 73 
30 9844 9407 9000 8681 8309 8229 7804 7118 6651 6064 5907 5753 5672 5145 4518 4163 3586 3244 2984 2453 2153 1858 1439 1363 1107 588 6261 4349 3075 1151 
29 9843 9621 9350 9263 8998 8472 8114 7856 7593 7336 6853 6112 5547 5203 4350 3676 3109 2884 2494 1877 1476 1094 757 364 6669 4757 3698 2223 792 
28 9842 9460 9231 9008 8613 8323 7761 7446 7335 7122 6723 6583 6172 5493 5175 4793 4483 4223 3421 2974 2289 1598 1092 947 8644 3766 2635 1604 
29 9841 9573 9468 9129 8714 8227 7581 7399 7143 6419 6026 5437 5018 4839 4359 3613 3228 2845 2598 2097 1934 1389 1112 581 8121 4068 2890 1521 964 
27 9840 9281 8840 8436 8021 7429 7041 6481 6201 5927 5366 5187 4969 4556 4128 3691 3263 2669 2148 1438 976 297 6461 4398 1938 601 134 
30 9839 9401 8949 8401 8077 7778 7266 6846 6350 5970 5731 5409 5238 4821 4129 3925 3770 3132 2913 2529 2054 1653 1235 942 41 5472 4629 2747 760 36 
27 9838 9405 8848 8509 7934 7247 6913 6269 5818 5586 4925 4636 4339 4080 3645 3199 2685 2313 1697 1273 1075 449 9 5461 2350 1554 701 
24 9837 8973 8584 8069 7680 7276 6776 6275 5637 5235 4788 4185 3604 3308 2691 2157 1775 1333 933 583 6796 3722 3350 1217 
29 9836 9547 9080 8903 8430 8010 7744 7144 6978 6591 6144 5338 4770 4526 4281 3869 3487 2875 2658 2164 1823 1559 1335 857 716 9822 5185 2459 816 
33 9835 9637 9420 9197 9085 8713 8334 8134 7859 7697 7431 7159 6514 6266 5906 5395 5226 4998 4734 4188 3749 3196 2880 2624 1995 1490 669 8561 6250 4322 2820 1300 3 
26 9834 9565 9153 8867 8435 8068 7668 7244 6953 6329 6052 5742 5186 4736 4406 4150 3547 3057 2328 1605 1070 426 8033 5130 3283 1566 
30 9833 9438 8721 8398 8122 7877 7625 7401 7238 6998 6830 6223 5833 5517 4943 4210 3639 3208 2732 2427 2121 1702 584 70 7487 5476 4060 3536 2353 343 
29 9831 9492 9223 8955 8593 8311 8063 7878 7532 7214 6797 6345 5909 5720 5126 4809 4275 3522 3222 2989 2347 1385 1098 478 235 6463 4217 3210 1275 
33 9830 9321 9208 8890 8188 7723 7166 6912 6472 6320 6060 5539 5120 4745 4314 4058 3555 3029 2918 2826 2072 1844 1578 1091 765 360 29 4715 3772 3064 1808 434 117 
27 9829 9552 9157 8685 8205 7956 7306 6895 6688 6224 5961 5335 4612 3668 3055 2447 2366 1347 978 398 5524 4192 3346 2672 2069 817 87 
34 9828 9599 9300 8824 8619 8469 8165 7827 7465 7254 7075 6869 6609 6318 5978 5854 5293 4952 4644 4295 3776 3655 3069 2412 1929 1601 1332 848 9159 5475 3440 3209 2992 956 
29 9827 9522 9415 9163 8887 8513 8023 7784 7467 7281 6868 6588 6439 5989 5525 5229 4890 4373 4146 3939 3147 2665 2095 1810 1213 647 8450 3855 1677 
27 9826 9431 9023 8792 8359 8194 7706 7434 7308 7033 6519 6161 5981 5486 4886 4418 3995 3753 3478 2899 2211 1535 838 516 4084 2933 1340 
28 9825 9362 9057 8624 8438 7853 7597 7046 6759 6530 6202 5762 5313 5075 4601 4106 3585 3136 2679 1916 1292 761 8453 6683 5595 3238 2182 926 
27 9824 9359 8937 8528 8286 8018 7682 7105 6368 6022 5713 5106 4687 4271 4011 3647 3314 2817 2111 1773 1534 814 7047 4996 3618 1794 605 
28 9823 9493 9346 9011 8634 8331 7835 7585 7099 6678 6274 5705 5167 4774 4120 3850 3200 2721 2411 1917 1129 234 5835 3582 2186 1412 910 42 
30 9821 9446 8914 8723 8529 7979 7617 7183 6767 6390 6209 6069 5885 5543 5231 4673 4130 3454 2964 2516 2076 1714 1361 742 423 6950 4967 4052 2086 1575 
29 9820 9478 9273 9113 8727 8263 7845 7384 7040 6525 5926 5739 5375 4779 4640 4452 3982 3355 3114 2816 2470 2260 1480 1078 564 7297 4392 2335 33 
33 9819 9560 9497 9271 8988 8586 8426 7731 7366 7209 6941 6585 6544 6342 6030 5894 5677 5082 4626 4273 3802 3364 2688 2215 2021 950 744 231 7030 3991 1860 704 159 
31 9818 9380 8779 8670 8157 7916 7537 7090 6880 6384 6129 6019 5774 5037 4551 4357 3861 3531 3472 2885 2543 2203 1984 1551 1164 646 7574 4891 3423 2298 691 
26 9817 9541 9237 8663 8283 7947 7721 7381 7029 6684 6233 6023 5813 5518 4798 4379 4168 3721 3248 2641 1874 991 636 5895 2323 435 
26 9816 9450 9060 8573 8113 7463 6743 6445 6170 5915 5491 4916 4639 3944 3711 2997 2689 2158 1444 1097 597 351 5482 2496 1203 273 
29 9815 9506 9021 8782 8478 7903 7515 6981 6403 6175 5861 5490 5048 4680 4384 3965 3368 3026 2567 2033 1646 1413 833 195 5109 3992 3268 1267 147 
31 9814 9618 9413 9201 8750 8490 8264 7928 7774 7218 6753 6247 5827 4700 4355 4308 3798 3732 3426 3269 2778 1827 1513 980 633 246 7901 4951 4250 2604 1258 
24 9813 9372 9170 8784 8423 7861 7334 7001 6343 5864 5290 4871 4576 4145 3154 2247 1765 1360 713 415 9475 4910 3347 851 
28 9812 9636 9339 8868 8291 8059 7882 7369 6928 6650 5880 5582 5205 4735 4368 3977 3686 3541 2949 2071 1397 621 9392 5846 3757 2633 1831 90 
25 9811 9454 8847 8524 8145 7766 7673 7225 6382 5730 5574 4970 4602 3947 3325 3021 2421 1684 1378 984 407 6770 2701 2049 330 
25 9810 9352 8829 8512 7965 7473 7048 6661 6080 5767 5459 5307 4892 4190 3530 2831 2190 1782 1262 165 5062 3875 2870 1539 552 
33 9809 9549 9234 8963 8585 8415 7894 7756 7493 7169 6692 6589 6041 5551 5180 4598 4148 3760 3418 3182 3003 2621 2231 1667 1548 1253 762 284 7759 4661 3746 3118 1390 
27 9808 9551 8844 8366 7990 7748 7504 6973 6555 5892 5660 5276 4692 4378 4110 3552 3230 2792 2398 2066 1516 1063 591 9141 4622 1631 541 
25 9807 9514 8934 8525 8192 7842 7365 7117 6910 6611 6228 5808 5133 4684 4137 3398 2632 1949 1329 843 129 6857 4436 2622 1330 
28 9806 9515 9065 8958 8805 8119 7896 7475 7022 6562 6070 5760 5318 4929 4505 3885 3648 3225 2779 2634 1581 1105 841 787 204 5195 2851 1505 
26 9805 9376 9149 8468 8143 7468 7204 6921 6577 6083 5784 5274 4686 4059 3706 3280 3068 2631 2046 1536 1135 394 8184 5233 2053 309 
27 9804 9536 8941 8834 8261 7924 7158 6848 6468 6195 5620 5174 4792 4316 3695 3293 2798 2224 2065 1463 1033 454 100 5908 3581 3051 928 
26 9803 9375 9123 8770 7929 7560 7065 6793 6284 5671 5026 4651 4206 3876 3739 3458 2985 2133 1555 1291 863 373 5965 3492 2417 26 
31 9802 9626 9485 9391 8993 8731 8646 8379 7763 7279 6839 6490 6193 5584 5323 4894 4448 3584 3001 2724 2259 1919 1451 1119 881 543 277 168 5613 3267 357 
28 9801 9555 9250 8697 8375 8105 7791 7550 7107 6726 6371 5948 5719 5581 5007 4511 4038 3525 2821 2431 1873 1557 1072 410 6610 3914 2717 1025 
32 9800 9447 9210 9007 8693 8326 7952 7771 7637 7147 6892 6584 6381 5963 5585 5376 5227 4920 4319 3789 3319 2850 2580 2329 1459 1007 550 124 7642 4830 3042 1229 
34 9799 9562 8945 8312 7879 7358 7113 6814 6551 6076 5708 5163 4743 4296 3996 3799 3529 3061 2763 2682 2619 2481 2217 1848 1545 1310 775 316 7794 4994 4152 3575 1264 402 
28 9798 9623 9365 8767 8378 8160 7885 7215 6561 6207 5768 5596 5021 4437 4167 3474 3073 2835 2229 1927 1497 1101 495 6638 4660 3150 994 4 
31 9797 9634 9414 9071 8936 8716 8491 8017 7607 7233 7189 6844 6321 6157 5820 5614 5344 4827 4321 3791 3226 2760 2463 1952 1279 501 376 151 3866 1942 740 
31 9796 9472 8954 8817 8444 8049 7696 7093 6964 6639 6313 5822 5593 5211 4985 4702 4367 4017 3040 2662 2093 1853 1469 1240 789 500 210 6507 3701 1865 1373 
28 9795 9479 9042 8717 8054 7301 7167 6833 6361 5695 5413 5172 4566 4022 3526 3188 2670 2389 1747 1405 720 348 7849 4009 3160 1592 927 393 
27 9794 9436 9037 8690 8151 7785 7618 6985 6573 6208 5600 5288 4667 4334 3864 3251 3063 2789 2576 1980 1478 686 7828 5653 3247 2163 1377 
27 9793 9240 9066 8692 8449 7920 7329 6716 6303 5974 5480 5214 4525 4069 3871 3435 3290 2848 2386 2214 1811 1427 733 9351 5245 2368 795 
28 9792 9382 9230 9022 8645 8235 7906 7665 7309 6920 6548 6118 5693 5358 5012 4605 3897 3451 2970 2448 2064 1484 1050 59 4078 2614 1220 286 
28 9791 9304 8950 8754 8582 8348 7964 7525 7073 6724 6218 5546 5382 4908 4325 4094 3441 2990 2625 2132 1518 1230 808 199 3953 2221 934 102 
28 9790 9275 8734 8666 8209 7857 7466 7069 6241 5851 5716 5144 4921 4800 4216 3970 3070 2553 2073 1828 986 759 135 5952 2241 1717 1140 404 
30 9789 9266 8877 8354 7871 7622 7139 6512 6310 5863 5428 5190 4545 4343 3809 3375 3148 2718 2542 2001 1567 1358 977 559 6891 4001 2482 2013 1441 493 
32 9788 9631 9025 8484 8175 7895 7598 6962 6786 6400 6160 5804 5278 5117 4569 4093 3466 3121 2975 2656 2426 1658 1108 917 471 88 6096 4141 3278 2554 1468 656 
31 9787 9200 8538 8310 7727 7255 6994 6728 6536 6081 5968 5657 5273 4847 4541 3884 3192 2962 2788 2591 2318 2130 1643 1166 387 8544 6347 4088 2996 1691 49 
34 9786 9314 9090 8856 8590 8282 8106 7540 7177 7088 6672 6332 6125 5949 5607 5332 4947 4696 4161 3804 3602 3093 2776 2433 1781 1543 1248 620 248 6812 4710 3411 2279 839 
26 9785 9411 9150 8568 8204 7479 7044 6645 6487 5945 5561 4973 4608 3820 3261 2613 2385 2052 1416 958 363 6392 4227 3039 1174 91 
32 9784 9643 9471 8766 8493 8244 8154 7905 7350 6794 6501 6325 5844 5369 4912 4781 4522 4055 3565 3034 2759 2400 2210 1467 868 796 396 142 7397 3560 2252 1143 
33 9783 9489 8925 8581 8432 8356 8137 7911 7755 7402 7232 6807 6473 5860 5544 5300 4868 4724 4157 3822 3514 3163 2695 2364 2189 1671 1400 1110 689 5973 3306 2343 663 
28 9782 9477 9138 8771 8257 7823 7452 7236 6762 6504 5940 5648 4832 4488 4263 4116 3599 3097 2348 1721 1495 1008 578 337 5696 3264 2000 215 
30 9781 9102 8355 8110 7907 7604 7394 6940 6594 6163 5862 5573 4676 4306 3955 3484 3058 2743 2574 2208 1510 1089 872 640 225 5634 3951 1785 1245 209 
30 9780 9575 9305 9146 8970 8686 8433 7954 7611 7180 6731 6479 6226 6050 5601 4982 4309 3956 3661 3569 2952 2676 2296 1668 1020 362 4960 3537 2664 766 
27 9779 9544 9283 8850 8215 7542 6898 6426 6194 5852 5218 4776 4138 3816 3504 3193 2501 2316 1792 1226 519 104 5077 4049 2822 1833 429 
30 9778 9274 8915 8548 8051 7711 7513 6929 6395 5700 5603 5165 4848 4429 3865 3468 3152 2961 2460 2002 1553 1443 1212 718 181 5777 4503 3380 1909 350 
31 9777 9602 9238 9075 8637 8383 8251 7724 7344 7262 6901 6708 6438 5975 5448 5052 4604 3870 3108 2692 2311 1726 1298 1085 451 79 5756 4066 2755 1134 93 
24 9776 9242 9047 8550 8104 7746 7602 6969 6632 6323 5830 5536 4767 4366 3994 3583 3356 3030 2355 1158 709 347 4760 2263 
29 9775 9319 8933 8648 8504 8280 7961 7616 7258 7028 6622 6113 5744 5417 5295 4828 4360 3963 3077 2424 2063 1690 1433 537 305 6117 4114 1818 294 
28 9774 9087 8781 8335 8026 7689 7283 7007 6469 5910 5489 5269 5073 4693 4453 3853 3105 2420 2235 1881 1470 1118 494 162 6155 3496 2555 1822 
28 9773 9280 8758 8427 8240 7770 7191 6855 6189 5828 5179 4492 4245 3595 2950 2716 2117 1693 1481 1046 143 8044 5608 4878 4338 3091 2005 800 
35 9772 9322 9241 8720 8403 8276 8088 7846 7610 7416 7067 6662 6312 5523 5351 5177 4737 4401 4007 3699 3624 3144 2727 2123 1914 1349 886 406 139 7235 4766 3744 2346 952 558 
26 9771 9486 8919 8367 8135 7133 6643 6290 5785 5615 5296 4645 4317 4064 3309 2928 2846 2023 1735 1289 632 6265 4122 2652 1040 191 
26 9770 9578 9078 8938 8626 8470 8266 7603 7330 6763 6238 5527 4983 4705 4520 4184 3787 3287 3018 2047 1223 542 6931 4560 2091 879 
25 9769 9574 9332 9217 8823 8255 7733 7553 6864 6484 6085 5732 5173 4945 4237 3710 3349 2959 2419 1724 522 114 4935 1417 671 
26 9768 9441 9193 8859 8091 7715 7231 7077 6735 6353 5987 5399 4907 4417 4282 3933 3326 2541 2283 1887 711 369 7735 5632 2469 961 
30 9767 9546 9174 8956 8520 8250 7786 7263 7091 6769 6559 6221 5715 5391 4857 4464 4234 3882 3352 2595 2165 1819 1447 911 651 372 7539 5967 3455 1809 
29 9766 9622 9236 8508 8166 7762 7491 6987 6586 6309 6040 5797 5297 4446 3553 2869 2616 2255 1867 1449 1090 822 371 9145 7138 5336 3027 1745 653 
28 9765 9584 8960 8652 8162 7930 7530 7292 6924 6590 6362 5814 5470 4941 4243 3415 2844 1931 1473 1182 836 14 6092 5069 3764 2414 654 68 
33 9764 9456 9178 8905 8506 8214 8040 7831 7554 7051 6699 6132 5640 5028 4197 3724 3596 3250 2978 2744 2509 1902 1474 997 197 7448 5534 4501 3659 3361 1715 1080 432 
29 9763 9644 9245 9017 8839 8577 8109 7573 7280 6874 6529 6256 5735 5407 5066 4720 4133 3517 3045 2267 1610 1086 683 458 9168 6879 4189 2479 420 
25 9762 9453 9068 8777 8494 7976 7472 7202 6782 6553 6216 5840 5571 5072 4490 3738 2733 2206 1570 882 7606 3385 2195 1165 610 
29 9761 9360 9162 8924 8254 7897 7577 7469 7268 6840 6114 5812 5033 4670 3958 3498 2812 2643 2187 1915 1596 869 313 99 5115 3679 3312 1807 436 
29 9760 9387 9139 8776 8601 8118 7738 7484 7302 6876 6509 5838 5451 5234 4733 4593 4372 3808 3035 2895 2331 2110 1162 708 241 7633 4442 2841 395 
29 9759 9502 8994 8631 8155 7985 7728 7305 6750 6379 5779 5664 5479 4695 4127 3745 3301 3084 2741 2406 1707 1528 1079 326 118 7851 4018 1998 874 
28 9758 9306 9094 8699 8382 8206 7464 7347 7153 6679 6020 5306 4895 4439 4101 3863 3580 3212 2926 2337 1637 1000 506 7662 4006 2921 746 389 
26 9757 9563 9246 8819 8341 7796 7024 6936 6751 6055 5170 4992 4527 3961 3622 3071 2646 2315 1797 1137 592 146 7313 3518 2395 813 
32 9756 9282 9114 8545 8497 8003 7628 7342 7062 6733 6239 5853 5425 4939 4713 4399 4191 3726 3489 3100 2680 2371 1933 1538 1307 1211 608 230 7787 5516 2452 771 
29 9755 9134 8821 8556 8307 7571 7377 7206 6861 6746 6316 5727 5039 4755 4388 4081 3365 2988 2325 1687 1426 1122 861 312 7096 5262 3620 3201 2003 
29 9754 9355 8882 8332 7951 7477 7137 6656 6526 6033 5878 5575 5362 4946 4484 4024 3852 3644 3334 3013 2415 1767 1159 680 121 3249 2012 1111 660 
28 9753 9313 8907 8608 8179 7409 7249 6835 6354 6031 5745 5422 5061 4363 4231 4045 3751 3523 3211 2761 2299 1763 1023 268 7343 4119 1804 745 
27 9752 9516 9120 8674 8384 7986 7769 7389 7098 7055 6571 6012 5359 4829 4497 3829 3015 2889 2657 2237 2027 1621 539 325 7179 4311 1049 
29 9751 9437 9205 8931 8318 8177 7966 7502 7163 6647 6421 6007 5576 5099 4741 4183 4002 3433 2653 2271 1888 1483 1354 825 414 7115 3476 1487 477 
29 9750 9611 9185 8985 8783 8485 7993 7406 7128 6828 6629 6124 5656 5515 5141 4584 3927 3796 3603 3203 2887 2320 1722 1402 441 6980 4581 3005 1359 
28 9749 9324 8813 8161 7810 7405 6983 6462 5872 5259 4409 4044 3823 3538 3129 2590 2185 2009 1648 880 467 154 9180 6785 4246 2640 1276 804 
33 9748 9603 9364 8971 8743 8180 7742 7404 7151 6693 6418 5999 5563 5433 4913 4663 4209 3858 3543 3343 2911 2475 2379 1921 1820 1411 1183 1073 157 5740 4214 1424 78 
29 9747 9510 9226 9069 8719 8327 7838 7486 6847 6560 6108 5191 4836 4335 3801 3358 2074 1625 1401 1047 475 6130 3851 2430 1983 1588 1238 679 291 
28 9746 9521 9045 8673 8269 8127 7819 7294 6958 6887 6579 6299 6025 5687 5240 4435 4043 3561 2907 2671 2113 1743 465 6890 4662 2429 1365 61 
28 9745 9024 8387 8193 7624 7290 6621 6230 5685 5494 5217 4975 4763 4103 3730 3499 3254 3110 2866 2245 1288 893 324 8579 5260 3216 1740 108 
30 9744 9633 9419 9039 8588 8234 8007 7489 7076 6907 6341 6035 5743 5236 4906 4638 4109 3341 2852 2435 2159 1685 1338 1027 302 7320 5116 2384 930 94 
27 9743 9427 9358 8874 8292 8086 7734 7543 7104 6565 6109 5652 5282 4454 4070 3512 2694 2055 1706 983 637 374 153 6671 4909 2954 1236 
27 9742 9482 8909 8542 8260 7950 7360 6991 6485 6119 5275 4948 4457 4342 3908 3270 3046 2302 2075 1540 1323 645 8057 4808 3190 1854 221 
28 9741 9370 8801 8609 8388 8210 8013 7492 6867 6260 5871 5093 4579 3843 3617 3300 2471 2004 1620 840 413 140 7418 5113 4046 3265 2304 1293 
24 9740 9465 9177 8572 8351 8084 7417 6725 5979 5519 5025 4748 4174 3279 2626 2088 1786 1061 8725 6570 5207 4568 2971 1124 
25 9739 9537 9046 8543 8308 7850 7443 6736 6401 6307 5787 5244 4785 3990 3689 3220 2991 2307 1963 1169 603 303 8246 3516 1770 
30 9738 9624 9374 9116 8795 8517 8228 7793 7558 7293 7168 6801 6393 5780 5394 5283 4859 4278 3718 3241 2627 2120 1482 965 212 6340 4071 3598 2139 676 
31 9737 9315 9002 8600 8164 7974 7803 7732 7315 6934 6615 6213 6127 5738 5385 4959 4723 4073 3372 3072 2545 2087 1270 1104 536 116 5467 3628 2550 1429 81 
28 9736 9341 8987 8836 8454 8138 7714 7201 6850 6506 5773 5397 5138 4900 4627 4196 3641 3106 2532 2136 1526 842 737 366 224 3968 2146 1204 
31 9735 9279 8986 8736 8421 8108 7941 7423 7121 6997 6612 5983 5750 4872 4595 4276 3976 3670 3080 2753 2502 1960 1651 1399 1352 315 5831 4303 2793 1776 513 
29 9734 9540 8921 8650 8219 7963 7274 7025 6787 6435 6044 5341 5139 4691 4486 4323 3653 3419 3173 2723 2170 1494 1099 569 7708 4034 1964 810 167 
26 9733 9591 9171 8614 7829 7424 6872 6521 6164 5642 5431 5090 4940 4131 3783 3434 3031 2686 2480 2020 1652 797 5997 2085 1579 336 
26 9732 9462 8677 8112 7830 7220 6986 6619 6142 5644 4905 4588 4284 3688 3010 2428 1882 1616 1117 732 20 4473 3693 2795 719 128 
25 9731 9600 9333 8400 7777 7200 6630 6348 5874 5311 4672 4407 3915 3642 3397 3351 2638 2376 2014 1237 987 76 5049 3387 1196 
29 9730 9556 9261 8815 8565 8253 7935 7695 7556 7322 6670 6289 5567 5272 4540 4027 3564 3176 2780 1997 1455 1029 783 178 8404 4151 2756 1197 144 
31 9729 9593 9092 8396 8065 7531 7066 6752 6272 5823 5533 4927 4631 4550 4289 4228 4020 3687 3141 2708 2367 2107 1780 1232 935 459 7337 4754 2966 1386 425 
25 9728 9474 9005 8930 8660 8116 7710 7499 7108 6680 6102 5857 5329 4780 3750 2628 2171 1708 1563 1256 1065 725 57 3782 1222 
27 9727 9557 9154 8942 8567 8120 7407 7011 6648 6502 6051 5728 4924 4292 3784 3635 3272 2799 2490 1968 1391 948 85 4238 3410 2152 850 
29 9726 9597 9224 9131 8563 8126 7592 7311 6852 6374 6057 5661 5308 5110 4614 4149 3664 3297 2818 2390 1803 1251 696 56 5673 3972 3104 1764 352 
32 9725 9619 9272 8780 8505 8302 7825 7568 7435 6777 6352 6166 6045 5447 5232 5071 4955 4537 4242 3678 3032 2387 1958 1744 1594 510 166 5455 3623 3236 1597 82 
29 9724 9423 8683 8583 8005 7764 7267 6524 6456 6148 5761 5464 4965 4395 4040 3759 3649 3037 2834 2444 2006 1294 781 205 6819 5500 2906 1855 380 
32 9723 9156 8638 8339 7503 7246 6873 6633 6547 6271 5990 5714 5321 5155 4881 4302 3849 3685 3137 2729 2155 1798 1446 1356 824 448 7395 5097 3292 2399 1904 773 
26 9722 9524 9202 8827 8623 8272 8004 7514 6768 6532 6344 6000 5456 5029 4261 3819 3131 2549 1837 1018 296 6440 4476 2698 1641 207 
30 9721 9337 9122 8979 8535 8259 7902 7547 7462 7020 6433 5850 5469 5102 5010 4468 4135 3979 3408 2857 2326 2034 1281 988 692 7015 3932 2301 1299 702 
27 9720 9403 8902 8459 7868 7729 7361 6703 6373 6107 5625 5011 4508 4004 3638 3158 2842 2176 1705 1017 524 282 9058 6258 3775 1863 1178 
34 9719 9503 9289 9030 8739 8636 8213 8123 7923 7524 7269 6943 6806 6538 6283 5789 5507 5001 4862 4213 3868 3221 2827 2016 1460 821 481 259 7720 6623 4805 2849 1898 163 
26 9718 9567 9377 8537 8140 7451 6884 6251 5790 5514 5122 4883 4265 3881 3697 3242 2525 1932 1661 904 136 109 7132 5371 2752 835 
27 9717 9340 9239 8665 8547 8394 8111 8012 7485 6976 6210 5937 5312 4914 4443 3842 3162 2787 2081 1633 892 587 346 6578 4494 2236 174 
29 9716 9590 9135 8964 8447 8277 7811 7601 7112 6719 6036 5550 5339 4861 4288 3966 3621 3135 2832 2497 2103 1719 1209 673 7148 4433 2636 1753 200 
25 9715 9394 9100 8893 8774 8533 8360 7931 7354 6649 6270 6028 5821 5485 4812 4356 3556 2882 1736 715 318 6197 3164 1179 482 
24 9714 9576 9103 8410 7889 7501 7368 6593 6165 5930 5526 5221 4591 4029 3369 2797 2458 1866 1010 264 4980 2767 1756 266 
31 9713 9495 9148 8880 8602 8092 7741 7441 6974 6443 5690 5291 5023 4677 4478 4100 3826 3495 3065 2521 2213 1839 1609 801 265 6781 5057 4181 2209 915 457 
24 9712 9483 9297 8773 8317 7667 6957 6159 5792 5405 5076 4835 4515 3935 3494 2881 2114 1662 1475 710 84 4082 2201 780 
33 9711 9509 8962 8812 8431 8185 7832 7564 7362 7150 6663 5988 5723 5299 5016 4864 4403 4108 3841 3461 2973 2644 2392 2050 1524 1128 635 340 8698 5555 3460 1472 499 
29 9710 9588 9215 8923 8796 8649 8095 7520 7110 6947 6717 6563 6058 5446 5279 5022 4530 4125 3205 2738 2416 2030 1503 1173 793 7833 4801 2106 27 
31 9709 9491 9408 8906 8445 8208 7948 7675 7068 6592 6405 6243 6006 5589 5256 4888 4432 3894 3672 2968 2750 2466 1920 1383 953 290 4480 2993 2295 1959 1012 
32 9708 9293 8928 8622 8072 7807 7677 7327 6911 6653 6376 6146 5688 5316 5015 4846 4470 3785 3400 3095 2684 2344 1884 1306 788 322 7229 5881 3491 2769 1784 627 
29 9707 9265 9132 8710 8441 8195 7659 7596 7321 6851 6495 6071 5477 4850 4596 3910 3500 3229 2702 1636 638 183 32 7704 5156 2920 1816 957 34 
28 9706 9607 9235 9124 8753 8275 7921 7635 7257 6698 6326 6134 5893 5495 4855 4516 3715 3379 2796 2505 1680 511 7584 5801 5031 1985 1614 736 
27 9705 9198 9036 8740 8477 7919 7779 7208 7116 6546 6292 5946 5752 5619 4993 4747 4628 3946 3246 2319 1849 1328 730 213 5298 3288 2135 
30 9704 8869 8682 8526 7971 7490 7004 6338 5958 5538 4991 4659 4220 3857 3731 3535 2720 2410 1987 1757 1309 853 263 186 5944 3462 2914 2365 1547 1030 
37 9703 9295 8953 8562 8223 8074 7933 7685 7198 7049 6772 6476 6317 6013 5868 5605 5009 4656 4330 4204 3558 3206 2956 2527 2342 2188 1883 1367 946 557 382 7427 3557 2381 1587 896 141 
28 9702 9579 9028 8603 8373 7692 6948 6457 5980 5734 5466 5101 4580 4461 4218 3662 3342 2825 2588 1991 1374 1013 717 262 6330 4169 2864 570 
29 9701 9133 8800 8483 7981 7470 6945 6802 6181 5795 5508 5150 4837 4365 3779 3366 3116 2936 2465 2118 1580 685 497 9997 6482 3501 2570 1750 152 
29 9700 9296 9073 9013 8788 8540 8349 8200 7932 7458 6718 6304 5381 5123 4816 4364 4162 3905 3294 2929 2380 1796 1172 655 354 5939 3680 3149 971 
31 9699 9630 9327 9043 8939 8414 8083 7836 7481 7173 6946 6627 6437 5957 5249 4635 4086 3748 3432 3217 2786 2492 2059 1406 649 399 120 4769 2468 1283 132 
27 9698 9449 9278 9076 8687 8001 7688 7373 6523 6191 5982 5654 5162 4822 4371 3806 3315 2405 1825 1479 963 8546 5370 4200 3907 2396 460 
28 9697 9613 9348 9072 8861 8596 7805 7482 6858 6357 5883 5650 5225 4950 4553 4194 3446 2931 2443 2011 1372 807 222 7566 6425 3235 996 256 
29 9696 9645 9142 8843 8701 8148 7751 7253 6865 6039 5331 5184 4813 4513 4352 3834 3321 2994 2739 2536 2207 1218 845 562 7324 6597 3860 2101 1133 
32 9695 9604 9311 8794 7998 7843 7605 7036 6775 6276 6029 5665 5365 4778 4389 4224 3859 3708 3081 2639 2256 1988 1305 1005 631 353 8099 5333 4327 3503 1187 35 
32 9694 9373 9219 8802 8463 7854 7008 6799 6673 6608 6141 5658 5352 4899 4336 4255 3988 3404 2938 2225 1815 1315 826 641 228 6808 5669 4616 3707 2512 1675 687 
33 9693 9357 9032 8913 8492 8239 7898 7314 7019 6607 5986 5504 5258 5043 4874 4603 4346 4136 3824 3185 2934 2561 1992 1698 885 600 7855 5703 4219 2772 919 476 2 
29 9692 9459 8997 8672 8495 8181 7983 7660 7171 6795 6624 6335 5875 5683 5198 4097 3646 3052 2784 2116 1150 914 193 11 6042 4634 2860 1572 540 
33 9691 9523 8947 8321 7917 7647 7391 7072 6822 6413 6005 5856 5481 5202 4825 4528 3989 3497 3000 2404 1981 1379 1057 699 202 8090 6319 5675 3827 2815 1760 1004 408 
32 9690 9625 9284 9158 8935 8627 8464 7869 7669 6968 6477 6139 5766 5478 4961 4411 3773 3066 2408 1864 1720 1502 1334 1126 567 206 6778 3233 2166 1924 1499 275 
29 9689 9406 9012 8534 7960 7629 7331 6531 6414 5962 5542 5152 4867 4256 3941 3752 3488 3296 2618 2068 1362 1284 959 453 8995 3836 2855 2051 1398 
30 9688 9099 8587 8474 8067 7754 7652 7390 6990 6709 6285 6095 5891 5520 5158 4657 4041 3777 3427 2987 2565 1841 1227 1026 751 447 5898 4474 1442 327 
27 9687 9426 9259 8799 8279 8038 7773 7316 6528 5951 5393 5257 4728 4502 3839 3402 2828 2503 1856 1525 664 9861 5014 4458 2359 1205 175 
28 9686 9582 8891 8530 8156 7670 7182 6541 6429 6252 5424 5068 4990 4746 4268 3800 3133 2726 2264 1840 1647 1296 772 8183 6423 3318 738 60 
27 9685 9430 9253 9077 8932 8428 7987 7630 7217 6842 6652 5819 5252 4819 3614 3082 2474 2070 1618 827 8786 5136 4671 3720 2506 629 188 
27 9684 9620 9361 9003 8541 8060 7848 7383 6932 5912 5609 5267 5092 4936 4493 3637 3090 2084 1793 1419 1121 392 5876 3656 2607 1462 975 
23 9683 9064 8900 8042 7392 7207 6550 6158 5776 5315 5019 4500 4258 3285 2749 2309 1686 938 272 6001 4543 3883 2874 
29 9682 9098 8806 8642 8064 7570 7403 6825 6685 6162 5918 5400 4977 4510 3923 3669 3431 3085 2370 1892 1003 485 155 6888 5206 3198 2446 1660 462 
27 9681 9433 9117 8918 8715 8578 7745 7273 6740 6499 6196 5796 5403 4851 4623 3717 3593 3041 2571 2393 1928 1345 799 105 4195 2711 1339 
26 9680 9256 9104 8746 8684 8362 8011 7837 7505 7243 6617 6246 5460 5002 4489 4112 3591 2980 2290 1303 889 8346 3733 2805 1969 466 
31 9679 9209 9031 8702 8429 7943 7371 6971 6535 6427 6255 6073 5647 5401 5086 4978 4815 4035 3469 3112 2728 2491 2262 1731 1297 580 133 5668 3929 2765 1243 
30 9678 9435 8787 8446 8197 7946 7753 7411 7224 6881 6498 6295 5633 5095 4592 4381 3795 3447 3184 2413 1506 1147 748 9014 4974 3505 2351 1325 1198 417 
29 9677 9412 9128 8706 8270 7891 7627 7095 6380 6008 5793 5196 4534 4095 3414 3022 2663 1973 1676 1031 925 568 321 48 6557 4415 2830 1437 1055 
32 9676 9534 9221 9040 8569 7977 7826 7657 7135 6574 6471 5956 5261 4786 4739 4471 4283 3666 3470 2773 2508 1742 823 622 490 38 6897 4717 3702 3016 1704 208 
28 9675 9342 8871 8288 7980 7544 6989 6681 6105 5935 5438 5045 4817 4449 4048 3904 3729 3467 3197 2383 1729 1132 867 575 67 6046 2098 1113 
27 9674 9464 9081 8675 8467 8107 7840 7562 7181 6995 6771 6156 5435 4919 4438 3674 3159 2700 2220 1930 1185 329 103 5721 3612 2293 854 
24 9673 8948 8640 7959 7608 7259 6894 6447 6131 5704 5554 5137 4564 3887 3386 2902 2029 1561 1393 855 355 7006 3153 846 
30 9672 9244 9052 8625 8442 8324 8221 8071 7582 6925 6702 6377 5922 5651 5050 4393 3761 3392 3120 2510 1738 1504 1274 913 767 594 255 6975 2583 598 
25 9671 9225 8889 8482 7863 7380 6635 6334 5985 5741 5314 4383 3667 3202 2719 2528 1832 1327 923 545 356 4797 2775 1659 295 
32 9670 9463 9386 8929 8539 8320 8191 7790 7339 6984 6824 6467 6034 5829 5594 5148 5063 4558 4132 3771 3299 2540 1852 1656 1153 945 335 6791 4386 3275 1410 706 
29 9669 9172 8883 8566 8358 7880 7433 6923 6268 5882 5364 5125 4931 4610 4180 3742 3337 3011 2706 2314 2035 1517 884 444 112 5604 4523 3511 1042 
30 9668 9559 8778 8481 8268 7994 7317 6800 6494 6349 6068 5698 5166 4789 4440 3769 3420 2937 2585 2266 1970 1733 1208 985 512 7937 3533 2599 1466 602 
27 9667 9445 9165 8808 8728 8274 7864 7587 7385 6900 6273 6049 5621 4956 4586 4328 4096 3607 3012 2437 1718 943 428 7674 3987 2472 2096 
24 9666 9601 9152 8760 8364 8027 7436 6626 6123 5415 4826 4272 3840 3439 2868 2288 1246 871 469 5247 4186 2535 1194 811 
30 9665 9586 9367 9088 8975 8635 8030 7445 7119 6856 6450 6171 5791 5450 4962 4678 4332 4203 3692 3215 2861 2499 2308 1962 1228 442 5798 2168 1278 681 
29 9664 9086 8664 8399 8101 7645 7226 6882 6766 6674 6360 5950 5484 5230 4750 4512 4010 3409 2908 2369 1901 1571 1045 955 341 66 4764 1999 901 
28 9663 9410 9029 8294 7973 7676 7261 6886 6474 6248 6016 5711 5402 4791 4688 4396 4042 3527 2910 2687 2251 1683 1120 648 148 5046 2863 779 
30 9662 9444 9020 8764 8412 8168 7844 7480 7126 6854 6715 6451 6090 5718 5178 4358 3895 3329 2939 2770 2449 2143 1869 1649 1180 652 75 5511 1994 551 
31 9661 9425 9136 8503 8146 7824 7444 7312 6601 6518 6308 5817 5414 4877 4387 3942 3576 3028 2678 2100 1664 1464 1083 700 7186 4697 3921 2557 1595 962 238 
27 9660 9396 9167 8772 8617 8014 7589 7332 7064 6180 5636 5322 5105 4548 4252 3805 3438 3017 2740 2493 2184 1450 345 6640 5213 3551 2129 
31 9659 9421 8878 8732 8342 7918 7497 7086 6784 6568 6089 5663 5374 5054 4479 3847 3606 3407 3223 2712 2274 1950 1615 1154 777 431 8232 7175 3903 1593 1282 
29 9658 9639 9095 8735 8516 8301 7739 7396 7035 6747 6188 5921 5747 5251 4665 4410 3969 3544 3168 2807 2112 1880 1529 714 240 5794 4777 1666 665 
29 9657 9608 9542 9079 8752 8606 8045 7707 7457 7134 6938 6278 6014 5592 4963 4557 4351 4023 3600 3089 2291 1375 582 211 5557 4057 2332 1408 40 
31 9656 9508 9051 8833 8605 8330 7982 7599 7374 7142 6875 6758 6337 6048 5501 5222 5151 4719 4625 4176 3335 2722 2324 2196 1477 763 8097 6062 3832 2801 80 
32 9655 9473 9105 8722 8305 8062 7881 7595 7023 6712 6242 5869 5346 4799 4475 4085 3909 3713 3271 3103 2900 2647 2356 1944 1498 1081 349 8172 4949 3383 2330 1062 
27 9654 9539 9140 8618 8187 8009 7519 7364 6748 6517 5998 5513 4876 4585 4333 3892 3382 2953 1943 1489 1176 877 468 7643 3332 2024 450 
24 9653 9457 9214 8377 8056 7717 7275 6816 6408 6024 5638 5239 4643 4063 3797 2969 2668 1918 1244 644 111 4455 1926 688 
28 9652 9440 9074 8790 8499 8337 7713 7430 6979 6520 6296 5510 5159 4762 4394 3814 3219 2800 2629 2219 1654 1452 1308 723 8595 4824 3049 968 
32 9651 9571 9262 8866 8370 7813 7447 7131 6871 6327 5786 5204 4465 3986 3758 3354 2659 2338 2083 1941 1868 1331 924 452 44 6992 5553 4807 3391 3050 1076 173 
25 9650 9381 8711 8419 8258 8100 7529 7156 6707 6293 5824 5309 4572 3594 3207 2943 2500 1812 1530 900 556 31 5388 2677 862 
31 9649 9416 8756 8425 8133 7691 7234 6817 6618 6328 5847 5707 5380 5038 4707 4499 4160 3974 3571 3282 3023 2080 1591 1168 778 463 7590 5832 3145 2746 1348 
27 9648 9511 9050 8571 7922 7583 7059 6620 6032 5357 5000 4744 4619 4412 4083 3567 2927 2666 2194 1673 1261 624 8267 3643 3009 1322 456 
34 9647 9598 9035 8667 8249 8082 7957 7693 7388 7310 7071 6505 6182 5866 5193 4726 4377 3872 3587 3245 3180 2539 2317 2079 1900 1461 960 529 122 5005 4182 3405 1141 243 
28 9646 9299 8920 8745 8262 7873 7496 7127 6843 6491 6394 5932 5432 5064 4562 4428 3896 3463 2806 2407 1650 1171 401 96 3899 2352 1965 484 
