58 55 1 15 53 38 12 47 48 24 23 22 3 3 1 20 12 49 32 26 54 23 51 8 43 37 37 14 29 54 25 40 25 21 8 80 99 45 28 36 184 202 56 276 343 400 530 601 4 717 741 805 891 997 1145 1211 1304 1436 1487 1597 1627 1663 1726 1837 1895 2021 2093 2180 2275 2357 2469 2548 2605 2663 2710 13 13 2826 2881 2962 3019 3139 3273 3438 3509 3656 3719 3818 3899 3950 4048 4090 4182 4288 4385 4444 4493 4539 4652 4742 
56 9 9 9 11 49 31 53 53 16 55 5 55 55 16 1 31 32 22 29 33 28 22 3 19 32 59 5 29 57 33 60 52 52 24 0 58 39 28 45 8 60 8 39 22 17 18 37 16 52 46 43 79 58 18 139 36 219 254 4 4 334 394 480 525 625 751 792 863 992 1124 1213 1257 1312 1434 1546 1642 1755 1815 1869 1926 2016 2096 2174 2245 2314 2431 2579 2684 2749 2840 2946 2984 3094 3210 3346 3439 3472 3546 3684 3784 3887 4044 4117 4192 4260 4332 4449 4499 4561 4638 4731 4834 
57 78 1 20 20 20 44 44 49 31 14 2 14 41 11 35 64 2 2 41 9 9 9 9 7 2 34 15 64 34 3 24 34 30 12 31 47 14 30 15 20 30 20 20 47 59 35 22 27 56 60 36 40 26 10 45 57 15 40 42 17 25 56 45 4 21 3 211 38 34 29 8 10 29 60 297 23 45 22 355 395 18 18 18 43 477 537 668 730 762 828 936 1003 1064 1175 1227 1392 1547 1658 1729 1807 1858 1892 1933 1969 2045 2118 2225 2303 2369 2486 2586 2712 2848 2922 2985 3119 3256 3319 3403 3528 3560 3643 3765 3890 3947 4041 4111 4190 4266 4335 4428 4479 4617 4683 4747 4917 
57 41 41 41 1 44 49 49 47 53 14 3 64 37 61 19 19 19 19 11 53 53 49 50 44 31 32 22 35 46 46 26 10 8 10 23 23 36 18 22 24 46 18 23 23 17 25 25 21 56 6 77 111 40 28 224 259 346 491 574 727 867 959 1036 1105 1253 1318 1448 1519 1600 1704 1794 1955 2026 2121 2196 2297 2403 2533 13 2637 2688 2791 2878 2940 3045 3122 3171 3205 3243 3369 3432 3519 3573 3663 3721 3804 3840 3921 4024 4108 4156 4239 4262 4333 4436 4500 4592 4680 4746 4885 
59 41 11 30 63 49 3 14 11 46 15 11 50 12 14 5 5 37 44 18 48 24 27 25 17 56 4 54 4 37 7 40 59 10 29 45 21 76 137 248 60 25 51 383 424 503 632 712 773 817 895 982 56 1060 1097 1117 1238 1327 1409 1483 1590 1767 1885 1947 1972 2072 2144 2197 2289 2380 2477 2602 2680 2753 2824 2978 3081 3126 3165 3262 3340 3407 3508 3601 3693 3800 3866 3945 4028 4115 4227 4354 4384 4445 4528 4580 4632 4678 4732 4808 
62 65 1 20 20 12 12 49 12 50 50 38 55 15 0 38 31 47 47 2 55 55 41 11 30 30 38 38 5 53 2 11 53 22 34 34 27 26 23 43 24 6 51 25 57 57 35 42 36 25 4 30 64 2 5 27 53 53 75 46 140 196 25 6 306 364 8 446 515 621 663 802 871 922 969 1037 1113 1143 1221 1324 1362 1396 1510 1581 1652 1747 1860 1960 2054 2133 2265 2345 2441 2556 2661 2738 2780 2834 2880 2998 3095 3153 3274 3357 3433 3496 3534 3679 3729 3885 3971 4036 4097 4122 4165 4241 4267 4356 4447 4537 4633 4671 4738 4887 
61 9 41 11 49 20 12 50 1 44 31 38 20 12 63 3 14 15 53 18 18 52 55 30 20 20 44 47 50 14 15 64 15 53 2 2 35 26 35 46 19 42 17 4 54 21 31 14 17 36 17 17 17 23 51 74 113 59 36 58 48 28 45 25 36 197 249 18 373 431 512 586 691 757 843 932 980 57 1084 1118 1209 1292 1358 1438 1477 1567 8 1666 1713 1791 1862 1920 2022 2123 2246 2300 2368 2476 2636 2809 2906 13 3033 3067 3201 3286 3323 3370 3431 3492 3536 3568 3637 3700 3732 3788 3868 3949 4080 4144 4210 4310 4406 4512 4628 4689 4754 9348 
60 41 1 20 55 55 7 1 1 12 55 7 5 32 34 34 15 35 44 56 36 6 3 3 15 7 49 12 50 20 44 47 3 2 2 61 62 35 39 18 42 21 57 0 25 4 73 155 59 21 54 21 23 33 25 296 353 450 29 57 519 585 678 13 13 13 777 811 859 954 1012 1051 1148 1261 1303 1359 1443 1493 1568 1665 1776 1882 1983 2020 2092 2161 2254 2332 2394 2516 2630 2677 2727 2799 2900 2987 3097 3178 3276 3423 3478 3561 3608 3692 3819 3891 4012 4056 4103 4224 4268 4353 4425 4487 4529 4656 4761 8380 
60 9 9 9 11 30 50 14 30 1 50 31 47 22 15 15 64 37 37 7 16 5 5 62 34 25 33 33 33 0 0 25 17 17 39 40 72 84 124 189 45 279 330 436 539 711 57 795 878 976 10 1119 1165 1245 1350 56 1442 1496 1549 1598 1647 1694 1854 1978 2047 2116 2248 2283 2351 2443 2581 2720 2800 2864 2893 2991 3110 3168 3239 3331 3376 3453 3562 3675 3731 3758 3861 3934 3991 4087 4188 4216 4322 4380 4471 4516 4611 4726 4770 5015 
60 9 11 7 49 17 35 55 55 1 20 44 3 55 55 1 12 49 44 44 50 50 50 50 50 31 49 20 12 47 53 32 2 15 23 18 58 39 22 22 58 3 14 62 53 53 7 1 12 38 29 18 48 43 35 57 57 6 24 24 54 25 25 40 33 40 13 10 54 4 29 43 46 56 10 71 33 36 36 56 100 144 268 332 413 527 657 723 813 882 920 974 1025 1067 1101 1241 1314 1332 1404 1521 1634 1721 1773 1896 1962 2033 2095 2168 2239 2288 2352 2427 2451 2518 2617 2698 2757 2890 2971 3041 3164 3298 3379 3487 3594 3728 3826 3906 3977 4045 4154 4237 4331 4397 4455 4572 4681 4791 4806 
59 9 41 1 1 47 53 47 38 11 11 16 11 50 20 20 44 44 31 38 7 7 52 55 55 3 53 59 18 39 36 18 43 15 61 34 61 55 15 53 46 52 47 70 32 131 59 253 10 51 21 56 10 323 372 435 25 25 540 588 708 733 819 899 999 1059 1180 1289 1377 1503 1555 1692 1846 1909 2036 2136 2186 2241 2407 2489 13 13 2570 2598 2653 2739 2830 2887 2969 3136 3179 3249 3342 3489 3577 3622 3686 3759 3869 4035 4126 4207 4244 4283 4328 4389 4461 4589 4653 4736 4814 5579 7122 
60 9 9 11 49 20 20 20 44 14 16 15 16 16 7 5 38 55 55 5 20 49 31 5 37 37 12 49 38 35 32 59 40 25 10 56 56 40 51 4 8 10 51 36 17 39 27 19 18 18 69 26 52 40 18 57 57 122 183 244 309 390 493 579 652 713 801 827 919 970 1032 1129 1250 1325 1407 1450 1502 1573 1609 1722 1805 1876 1975 2073 2165 2270 2362 2463 2596 2669 2715 2833 2935 3005 3055 3133 3228 3344 3404 3580 3623 3698 3801 3838 3974 4127 4200 4305 4347 4432 4535 4577 4662 4771 4840 6047 
63 55 11 34 19 0 30 1 50 3 59 37 24 16 30 20 20 12 44 49 31 53 32 59 7 5 18 0 57 0 34 3 14 29 14 27 22 23 48 8 14 51 22 24 6 37 19 26 18 37 34 21 39 0 68 86 178 36 43 54 25 25 8 33 33 45 56 272 314 422 541 620 694 821 937 1008 1052 1090 1184 1242 1296 1323 1389 1416 1471 1512 1585 1645 1764 1826 1894 1977 2040 2090 2200 2274 2389 2421 2571 2714 2768 2865 3015 3072 3101 3175 3252 3288 3360 3424 3477 3552 3658 3781 3794 3927 4022 4139 4255 4387 4485 4558 4602 4685 4753 4793 5226 
58 67 41 9 11 49 31 47 47 14 55 55 30 0 6 19 14 7 55 32 44 32 22 42 22 16 7 34 4 22 30 48 23 27 0 46 5 3 44 3 39 16 210 50 301 29 32 58 54 57 6 388 26 10 456 489 609 670 753 854 962 1054 33 8 8 13 57 1144 1189 25 56 4 1251 1329 1364 1431 1480 1550 1612 1733 1857 1939 1979 2024 2099 2181 2231 2306 2438 2483 2552 2621 2750 2915 2973 3071 3131 3271 3294 3355 3464 3600 3701 3789 3851 3976 4061 4158 4269 4365 4435 4519 4560 4587 4657 4755 
66 9 65 1 44 14 41 5 12 55 5 44 2 53 35 35 15 15 3 3 31 3 49 38 34 37 29 32 26 52 56 25 39 46 4 21 17 60 39 35 18 18 43 42 40 36 25 4 4 24 24 17 54 23 23 66 107 48 42 204 243 33 386 457 543 613 662 700 748 830 897 973 1094 1149 1208 1260 1311 1385 1498 1565 1672 1724 1745 1877 1963 2023 2068 2137 2228 2315 2386 2515 2625 2752 2871 2903 2950 3009 3053 3114 3186 3268 3332 3455 3504 3588 3655 3723 3820 3875 3984 4104 4177 4259 4327 4415 4448 4492 4541 4621 4688 4744 4805 5002 
55 65 1 12 53 16 41 24 24 54 65 1 12 50 50 47 38 11 32 32 11 22 55 55 3 18 29 48 33 0 35 35 26 10 57 55 55 16 55 55 30 48 176 11 53 2 59 31 59 61 37 29 25 35 18 14 24 40 19 48 10 23 24 40 42 42 29 3 25 8 56 60 266 357 437 570 10 13 705 755 861 998 1050 1114 1235 1297 1371 1475 1557 1621 1737 1841 1935 2043 2089 2151 2217 2280 2418 2484 2595 2641 2711 2776 2894 2959 3077 3106 3161 3313 3384 3500 3604 3660 3780 3825 3910 3972 4059 4148 4243 4298 4423 4496 4543 4640 4768 
57 65 41 41 41 1 1 44 49 50 63 38 11 11 32 3 16 16 7 5 12 31 32 2 35 36 58 64 16 29 22 46 0 35 29 24 10 33 17 23 52 6 51 163 201 303 40 4 40 23 28 36 401 481 563 42 645 682 775 25 25 17 8 13 13 13 885 896 1014 1077 1201 1274 1330 1394 1470 1553 1678 1727 1801 1905 2032 2106 2238 2338 2442 2525 2584 2631 2721 2760 2879 3006 3082 3247 3289 3364 3501 3599 3703 3809 3912 4016 4107 4168 4221 4285 4336 4368 4429 4507 4588 4698 4910 
60 9 41 9 41 41 1 50 47 53 2 34 3 53 11 53 11 49 49 1 20 20 20 44 63 63 3 38 5 30 64 15 5 62 24 35 40 17 29 29 18 27 46 36 6 60 19 32 2 16 7 55 12 63 24 52 27 22 10 10 21 22 46 26 21 160 40 230 294 361 444 524 630 57 823 25 904 961 33 28 1016 1045 1123 1231 1408 1476 1582 1637 1708 1779 1803 1825 1943 2046 2146 2202 2264 2304 2336 2475 2558 2629 2679 2756 2820 2882 2943 3034 3156 3278 3374 3449 3525 3597 3685 3783 3852 3973 4025 4096 4167 4253 4342 4505 4630 4687 4815 5120 7910 
58 41 1 15 7 15 11 50 1 12 44 31 53 59 35 39 23 31 19 53 20 15 11 32 59 7 7 61 35 58 24 23 35 37 37 26 61 52 6 62 50 47 38 19 152 234 359 458 26 34 52 614 658 747 873 33 28 33 13 33 0 0 4 17 17 42 13 13 4 13 1004 1029 1103 1153 1215 1269 1388 1439 1530 1587 1618 1693 1786 1865 1906 1970 2063 2101 2192 2317 2385 2446 2506 2569 2643 2726 2811 2933 3012 3147 3242 3362 3410 3486 3567 3696 3774 3849 3992 4066 4150 4212 4330 4381 4527 4619 4692 4843 7137 
58 9 41 1 49 53 32 34 7 55 46 0 17 30 30 20 3 49 44 31 64 61 61 16 12 19 32 58 27 48 34 52 6 17 17 43 24 36 33 33 57 36 23 34 158 18 43 225 286 384 486 572 743 48 884 40 944 972 1042 1140 1278 1345 1508 1583 1685 10 4 4 28 1774 1844 1908 2000 2109 2182 2229 2282 2353 2430 2513 56 2582 2597 2660 2744 2804 2857 2986 3051 3150 3248 3366 3484 3618 3722 3859 3937 4039 4110 4195 4279 4339 4427 4459 4518 4548 4670 4724 4764 4824 
51 9 9 41 41 41 1 2 30 7 49 19 57 5 30 62 53 32 44 18 48 6 54 6 51 26 45 42 24 37 14 29 8 29 29 51 4 36 27 4 17 36 29 19 18 29 50 60 145 240 411 35 500 566 659 720 833 917 984 1108 1164 1224 1338 1415 1494 1552 1653 1769 1834 1952 2074 10 10 2187 2243 2348 2439 2510 2576 2701 2759 2825 2960 3088 3183 3317 3459 3544 3668 3752 3830 3968 4058 4173 4225 4326 4450 4582 4665 4705 4787 
62 41 7 20 31 47 32 55 30 30 12 49 47 2 35 3 20 49 12 44 31 38 35 32 22 3 19 19 53 2 5 2 35 59 21 36 24 24 17 51 17 26 17 23 58 43 43 42 39 18 8 28 51 39 18 48 59 36 54 4 93 132 226 283 338 447 571 604 696 847 966 1081 1185 1280 1335 1429 1515 1592 1624 1700 1799 1847 1934 2067 2160 2219 2309 2409 2532 2654 2705 2762 2839 2910 2966 3016 3090 3140 3170 3269 3329 3392 3413 3465 3543 3629 3683 3773 3843 3874 3957 4040 4132 4213 4308 4361 4433 4514 4664 4752 8727 
62 9 7 53 55 65 1 20 20 12 50 38 16 5 15 15 37 29 45 29 38 7 7 5 30 3 32 32 59 52 46 18 37 2 29 17 29 29 19 16 34 0 59 8 8 8 39 58 101 39 59 260 326 378 412 474 516 596 660 709 780 892 971 1053 1086 1193 1295 1366 1497 1551 1619 45 1657 1698 1743 1832 13 13 1891 1936 1988 2051 2173 2325 2411 2555 2658 2765 2812 2846 2888 2970 3069 3189 3253 3325 3494 3550 3605 3676 3769 3842 3915 3994 4106 4153 4238 4257 4350 4434 4531 4639 4759 4782 
66 9 41 9 16 1 49 49 14 15 15 15 16 61 37 47 32 2 23 22 35 24 6 14 2 34 52 50 20 12 38 29 18 18 27 26 46 23 6 33 33 33 40 18 43 21 28 43 25 42 13 57 83 33 127 153 185 291 368 472 548 629 672 715 798 915 995 1075 1161 1206 1301 1381 1517 1644 1720 1796 1886 1974 2081 2179 2252 2349 2492 2591 2645 2703 2772 2828 2877 2957 3024 3056 3125 3187 3306 3354 3434 3539 3572 3627 3716 3771 3831 3894 4005 4093 4171 4247 4321 4398 4480 4559 4618 4663 4696 4776 4809 5090 
56 65 12 31 41 1 20 44 49 55 16 15 7 7 50 12 12 32 59 34 62 17 58 37 39 52 24 28 43 48 25 25 48 52 35 32 32 59 43 27 42 21 51 18 33 40 45 4 56 56 91 162 263 311 398 556 615 702 831 950 1030 1133 1228 1342 1461 1631 1759 1925 1998 2052 2129 2158 2232 2293 2347 2402 2549 2649 2797 2859 2895 3042 3112 3143 3190 3320 3435 3584 3621 3670 3764 3848 3926 3998 4120 4181 4295 4349 4418 4513 4616 4672 4779 4826 8203 
63 41 41 49 20 20 12 44 31 53 53 55 16 7 49 50 44 31 38 61 30 37 37 47 42 21 35 6 6 66 42 61 20 47 38 15 53 34 35 25 25 43 31 52 48 8 57 35 12 15 30 44 24 6 24 47 22 14 21 33 4 13 173 241 10 304 340 417 475 528 594 628 693 767 789 844 905 1007 1078 1136 1264 1309 1405 1495 1614 1731 1848 1941 2037 2094 2201 2299 2354 2473 2519 2563 2609 2700 2790 2918 2964 3065 3160 3218 3311 3398 3471 3547 3657 3761 3839 3867 3929 3978 4049 4162 4292 4377 4446 4511 4606 4636 4723 4775 5060 
61 9 11 50 50 12 38 38 52 47 55 16 15 40 0 0 39 37 18 58 59 16 7 7 5 1 1 3 14 37 52 35 46 46 52 6 24 10 8 8 45 10 45 10 0 59 28 18 14 23 54 58 39 39 18 34 28 45 26 26 57 121 200 261 379 468 567 640 771 868 943 985 1072 1157 1246 1316 1433 1491 1535 1602 1684 1757 1833 1889 1987 2062 2120 2189 2247 2312 2397 2455 2481 2572 2628 2725 2796 2901 2945 2990 3089 3127 3246 3343 3426 3503 3662 3743 3832 3928 3969 4068 4136 4204 4297 4362 4473 4552 4594 4700 4835 
55 9 41 41 16 16 16 16 16 7 49 49 20 20 12 44 38 61 15 15 2 2 2 31 53 53 55 30 47 3 3 1 50 19 2 16 61 15 34 37 34 62 54 27 57 0 21 33 33 36 45 13 45 33 27 53 59 45 39 143 10 238 307 23 24 402 470 584 642 786 872 907 1010 1142 1197 1282 1319 1469 1574 1681 1811 1904 1967 2050 2148 2221 2296 2405 2585 2689 2747 2843 2905 2965 3035 3076 3200 3261 3377 3520 3607 3654 3782 3821 3953 4015 4137 4183 4245 4286 4374 4452 4585 4725 4790 4901 
61 9 16 7 53 34 30 44 50 50 31 49 50 47 53 22 15 3 3 3 15 16 53 34 37 37 18 18 24 52 46 6 23 52 52 120 35 221 46 46 18 54 57 33 33 56 4 36 18 4 320 370 488 553 627 675 726 784 842 935 996 1147 1262 1365 1419 1501 1559 1646 1740 1838 1916 2058 2208 2276 2321 2399 2454 2536 2634 2719 2807 2853 2904 3023 3108 3197 3263 3326 3446 3531 3614 3710 3786 3829 3888 3948 4027 4101 4174 4250 4334 4407 4475 4546 4637 4756 4830 13 5133 
59 9 9 41 9 9 41 1 11 49 20 44 47 53 58 30 7 7 3 27 11 11 49 12 38 55 15 47 53 53 12 47 59 3 19 19 19 59 21 0 42 8 8 25 54 19 5 37 27 58 58 54 22 51 118 10 186 222 308 452 4 8 4 518 562 33 648 695 779 13 928 968 1019 1083 1131 1222 1369 1425 1544 1615 1711 1828 1932 2017 2114 2214 2292 2391 2423 2488 2551 2580 2697 2795 2837 2939 3008 3100 3238 3285 3383 3463 3498 3616 3712 3748 3822 3918 3988 4075 4189 4271 4409 4491 4542 4584 4667 4801 
64 41 41 7 7 5 12 31 53 47 47 2 55 25 14 19 19 19 55 15 31 49 20 44 47 14 52 19 16 7 46 43 29 51 51 21 27 0 22 51 50 103 10 23 207 267 376 14 461 542 622 671 763 45 832 855 946 1009 1061 1111 1203 1288 1401 1456 1532 1601 1682 1795 1859 1901 2004 2078 2128 2222 2342 2410 2534 2565 2619 2696 2728 2758 2821 2919 3026 3118 3141 3241 3385 3488 3579 3671 3753 3853 3900 3979 4014 4105 4170 4277 4359 4484 4545 4598 4645 4740 4777 5035 
60 67 9 9 9 41 41 1 12 49 44 44 47 59 14 16 19 16 55 15 53 2 11 49 50 12 12 44 47 53 2 16 2 5 30 15 15 30 14 37 29 46 21 29 39 22 0 54 21 29 22 52 6 21 6 29 45 45 29 19 22 48 26 34 46 42 48 4 8 36 36 24 52 49 14 110 190 293 406 520 582 21 655 36 722 787 949 1015 1063 1177 1263 1307 1367 1424 1481 1576 1689 1770 1839 1948 2085 2127 2209 2269 2334 2400 28 2466 2528 2611 2742 2856 13 2952 2976 3047 3111 3219 3287 3373 3456 3502 3565 3642 3711 3755 3823 3905 3989 4067 4172 4307 4393 4467 4575 4710 4795 5885 
65 9 9 41 41 1 20 49 49 2 11 11 16 7 7 34 34 3 44 58 29 27 43 35 46 21 22 6 10 8 22 37 34 20 60 52 30 44 63 3 19 32 59 21 23 27 59 56 59 40 24 10 0 22 17 57 45 8 17 25 28 28 10 13 48 104 177 203 333 385 410 499 597 681 749 825 888 956 1024 1109 1170 1317 1378 1457 1509 1591 1725 1835 1902 1991 2071 2167 2260 2329 2422 2460 2502 2564 2606 2706 2783 2851 2899 2947 3032 3074 3138 3188 3284 3422 3510 3569 3624 3715 3802 3850 3939 3986 4055 4155 4248 4357 4439 4482 4555 4629 4760 4810 4860 
60 9 11 1 31 53 7 49 12 14 30 37 37 61 24 23 52 31 2 2 35 22 24 10 26 42 26 56 42 25 57 37 0 25 36 47 133 48 251 312 10 54 8 33 45 430 478 4 532 592 698 778 839 900 1001 1056 1125 1259 1343 1410 1460 1607 1662 1751 1827 1861 1940 2028 2108 2178 2290 2449 2607 2692 2748 2787 2886 2995 3105 3173 3308 3363 3441 3513 3564 3649 3740 3816 3907 3987 4062 4134 4186 4261 4352 4460 4549 4581 4675 4757 4854 5067 
58 41 1 12 32 16 16 11 20 16 49 14 35 35 24 52 42 8 42 18 18 23 61 30 20 50 32 22 46 48 35 60 24 34 60 0 33 7 34 47 22 14 51 38 46 116 237 21 321 380 483 595 697 28 25 4 782 804 881 964 1020 1106 1154 1243 1305 1352 1422 1554 1632 8 1765 1797 1880 1929 2003 2091 2117 2195 2277 2406 2452 2499 2664 2819 2892 3022 3129 3222 3318 3428 3540 3634 3770 3879 3938 4046 4100 4166 4205 4325 4379 4417 4476 4641 4737 4763 4973 
58 41 1 20 49 50 47 53 7 30 20 63 50 3 3 1 31 53 32 32 59 17 17 23 18 59 28 54 39 14 15 36 36 48 25 57 37 37 29 35 35 36 40 29 44 59 16 52 6 45 28 28 45 109 175 331 418 546 635 765 856 938 1017 1110 1183 1290 1380 1464 1545 1640 1691 1792 1888 1968 2075 2198 2308 2393 2436 2535 2650 2778 2855 2908 2981 3096 3180 3257 3312 3367 3416 3452 3593 3641 3704 3742 3883 3965 4021 4069 4135 4236 4306 4345 4405 4466 4597 4701 4772 5024 
57 9 16 1 7 7 5 55 30 31 38 37 47 50 15 3 3 44 47 59 59 6 27 23 51 25 36 45 43 17 42 4 8 10 28 4 18 39 32 51 17 40 22 52 142 180 302 427 23 42 521 591 647 750 794 858 913 1028 1173 1266 1403 1479 1599 1674 1744 1814 1890 1938 1994 2038 2111 2224 2294 2366 2419 2523 4 4 2624 2652 2769 2818 2870 2963 3075 3169 3233 3295 3330 3386 3497 3630 3664 3795 3880 4020 4130 4314 4390 4464 4551 4669 4762 4816 
66 9 16 1 32 7 7 7 50 20 38 38 53 34 34 23 23 22 34 30 14 64 44 2 5 62 27 59 23 54 18 57 57 4 4 0 32 34 52 46 43 6 51 36 12 39 10 24 13 43 87 172 295 366 451 513 590 48 685 738 816 910 1006 57 1115 1141 1255 1321 1406 1465 1511 1579 1623 1699 1768 1856 1928 1961 1993 2069 2113 2171 2237 2310 2417 2541 2642 2733 2782 2827 2942 3014 3084 3144 3216 3297 3375 3499 3595 3713 3790 3808 3892 3919 3980 4047 4119 4201 4272 4319 4400 4486 4557 4614 4684 4739 4829 
60 9 41 5 20 44 55 59 5 61 5 31 14 2 6 18 40 21 43 23 54 42 19 59 36 22 40 42 29 45 29 36 94 147 258 365 442 547 607 643 728 815 857 909 958 1066 1130 1188 1225 1361 1402 1504 1584 1638 1667 1748 1820 1887 2007 2157 2291 2364 2433 2544 2615 2690 2792 2902 3021 3135 3157 3229 3352 3448 3522 3645 3737 3778 3920 3997 4073 4124 4202 4291 4391 4451 4533 4655 4741 4800 4881 
62 9 9 9 41 1 44 44 38 11 53 34 7 11 11 11 38 11 16 7 5 15 3 61 2 5 15 15 34 29 29 14 35 0 54 23 27 46 52 60 59 10 51 45 51 57 14 33 13 57 21 174 31 43 208 39 19 285 358 473 576 24 25 25 13 33 679 716 824 916 1071 1174 1218 1267 1320 28 1423 1449 1556 1606 1712 1793 1883 1992 2065 2098 2139 2184 2257 2326 2465 2522 2627 2691 2784 2911 3017 3093 3148 3174 3203 3321 3381 3445 3476 3606 3648 3757 3865 3970 4018 4088 4151 4265 4324 4375 4523 4578 4624 4735 4922 6684 
58 9 41 11 1 20 20 44 14 7 53 58 15 35 27 27 22 34 52 46 6 58 14 60 42 35 17 17 52 52 35 8 24 24 19 30 33 33 25 52 24 24 6 60 25 40 105 199 336 4 45 506 558 626 710 886 977 1076 1199 1281 1376 1430 1463 1593 1670 1761 1824 1872 1914 1997 2060 2131 2235 2302 2379 2457 2500 2557 2678 2822 2898 2936 3010 3050 3220 45 3292 3345 3409 3485 3554 3626 3707 3735 3787 3917 4017 4199 4249 4296 4367 4402 4509 4634 4713 4798 
66 9 9 16 1 31 2 2 16 16 16 1 47 3 19 19 2 61 34 52 6 39 16 7 49 49 49 12 12 50 31 55 2 53 34 0 26 26 46 54 51 26 46 52 35 39 15 27 46 57 60 4 17 24 24 10 48 0 24 40 33 8 45 13 45 39 88 134 280 434 538 633 729 788 835 931 1022 1087 1178 1234 1258 1382 1474 1539 1571 1636 1675 1709 1783 1840 1953 2103 2140 2253 2370 2450 2471 2567 2600 2623 2695 2734 2798 2897 2999 3027 3116 3181 3209 3270 3339 3482 3548 3640 3738 3847 3911 3952 4030 4074 4121 4211 4273 4346 4430 4478 4515 4596 4730 4786 4957 
63 41 1 38 15 11 20 44 44 31 32 3 14 7 55 27 52 46 6 6 59 11 38 1 31 32 22 16 7 7 5 29 24 51 13 33 40 0 27 39 18 42 35 57 6 50 38 85 39 198 43 29 42 257 4 315 377 464 10 555 617 17 33 704 734 834 869 939 1005 1047 1128 1212 1268 1391 1446 1505 1570 1625 1758 1813 1843 1923 1982 2164 2271 2350 2365 2428 2550 2693 2770 2884 2968 3062 3185 3282 3368 3419 3436 3530 3615 3644 3714 3807 3858 3944 4043 4081 4125 4240 4282 4419 4508 4569 4649 4694 4822 
59 9 9 41 41 41 1 1 50 47 3 46 11 15 15 32 16 7 49 20 44 50 50 38 5 35 5 5 55 55 15 53 53 32 2 59 6 3 39 40 18 29 58 3 44 47 38 2 32 18 48 54 54 42 21 54 57 56 51 37 159 220 300 40 428 517 644 759 883 960 1095 1220 1341 0 1427 1458 1520 1572 1701 1800 1881 1957 2006 2138 2218 2272 2371 2467 2566 2599 2666 2766 2875 2944 3030 3086 3159 3231 3310 3408 3507 3555 3612 3682 3705 3736 3871 13 13 4003 4034 4145 4214 4280 4364 4438 4503 4550 4607 4668 4789 4857 
59 41 41 1 1 1 20 47 38 38 38 7 7 5 37 14 53 19 10 29 5 15 11 49 12 44 3 53 22 16 7 5 35 58 18 18 43 17 23 52 8 6 31 31 49 38 7 40 24 40 48 50 51 25 45 33 21 36 45 36 29 4 56 36 95 45 181 231 298 352 409 459 526 28 28 649 718 797 877 921 1048 1126 1187 1291 1395 1472 1548 1610 1732 1798 1958 2056 2143 2213 2356 2435 2546 2604 2730 2808 2832 2862 2938 3044 3117 3223 3277 3333 3450 3533 3680 3798 3889 3943 4053 4102 4196 4320 4414 4506 4554 4631 4720 13 4838 6591 
58 9 9 7 7 7 49 49 1 49 1 44 63 55 15 53 53 53 53 38 29 52 12 18 30 44 47 3 19 39 15 37 46 26 21 33 8 8 25 57 0 25 28 42 48 39 37 49 38 19 2 46 26 25 26 40 39 29 18 23 40 8 33 37 16 16 49 50 19 24 6 6 54 35 58 136 213 0 56 56 36 318 391 10 440 4 509 550 674 790 948 1031 1158 1286 13 1333 1344 1447 1525 1629 1715 1741 1855 1924 1999 2064 2169 2240 2343 2448 2504 2575 2594 2702 2817 2917 2997 3066 3163 3244 3327 3387 3442 3523 3589 3699 3799 3864 3932 4042 4152 4264 4348 4378 4469 4599 4677 4758 4841 
60 9 9 9 16 16 1 55 7 7 7 7 1 20 44 50 31 38 65 47 2 19 38 2 3 3 3 3 14 19 2 52 29 39 18 43 43 35 21 21 58 55 1 1 44 31 34 52 46 26 40 18 18 48 23 24 6 123 48 192 236 28 28 45 13 13 33 13 278 299 382 443 569 631 756 799 860 925 987 1034 1162 1226 1298 1356 1399 1534 1639 1706 1752 1785 1922 2001 2124 2150 2284 2388 2425 2458 2530 2638 2763 2861 2956 3058 3162 3234 3358 3437 3556 3659 3777 3862 3897 4007 4159 4223 4299 4420 4474 4568 4661 4748 4844 7852 
62 41 1 3 30 44 63 47 2 15 39 15 53 31 44 31 14 2 5 53 32 59 52 35 59 6 22 42 4 4 22 35 6 58 18 34 35 26 10 56 8 56 26 24 36 33 42 57 45 25 0 56 33 33 33 92 165 252 341 387 453 511 583 706 810 880 991 1080 1135 1171 1270 1390 1462 1514 1558 1676 1781 1871 1986 2034 2122 2188 2258 2359 2545 2656 2741 2831 2863 2953 2989 3040 3113 3202 3264 3356 3402 3466 3538 3586 3653 3776 3863 3914 3967 4033 4140 4218 4337 4372 4547 4620 4706 4749 4837 7034 
62 9 7 49 55 55 11 12 12 63 3 3 14 37 37 2 2 2 2 18 16 7 55 15 2 49 31 19 18 35 5 12 12 44 44 44 19 32 50 38 29 51 29 58 27 0 60 58 18 18 48 24 23 17 8 51 125 40 40 36 182 56 218 270 347 479 602 684 764 850 926 1039 1089 1151 1252 1337 1454 1527 33 1596 1630 1690 1750 1802 45 1878 1915 1985 2039 2145 2230 2307 13 2444 2498 2601 2716 2764 2907 2967 3063 3176 3281 3309 3414 3521 3602 3706 3751 3836 3916 3958 4001 4084 4161 4194 4313 4421 4490 4556 4626 4702 4778 4912 
60 9 9 7 38 20 44 3 14 55 37 32 58 46 52 0 27 60 18 35 39 6 39 29 19 55 55 11 50 44 50 1 3 53 22 51 58 47 31 39 35 46 25 40 48 10 36 56 48 0 4 8 6 161 232 35 43 17 25 17 351 416 469 544 653 724 796 846 911 975 1091 1249 1411 1566 1656 1717 1806 1907 2042 2132 2206 2337 2398 2461 2547 2665 2709 2813 2929 3018 3103 3194 3272 3304 3349 3412 3461 3493 3574 3617 3687 3772 3824 3908 3981 4071 4109 4198 4304 4358 4454 4495 4603 4721 4804 4958 5592 
62 9 65 1 1 20 12 50 38 41 16 30 62 53 53 3 32 39 41 41 11 11 11 53 59 16 55 55 5 30 18 30 20 31 47 170 14 15 2 52 37 35 22 27 46 23 48 42 42 35 18 29 0 4 21 8 45 36 28 4 39 18 18 18 11 52 60 289 363 0 23 462 501 45 13 45 557 605 651 758 826 965 1002 1070 33 1181 1230 1300 1326 1417 1444 1542 1620 1749 1812 1851 1944 2031 2105 2216 2249 2327 2401 2497 2554 2675 2779 2913 2974 3064 3199 3265 3307 3430 3483 3514 3609 3651 3754 3834 3964 4032 4164 4251 4284 4329 4422 4481 4564 4658 4729 4796 5042 
65 9 9 41 9 16 1 20 31 53 47 3 16 7 53 17 17 30 44 44 38 15 15 30 31 50 15 53 53 53 59 34 34 34 52 46 40 24 36 0 58 43 23 23 25 42 25 4 18 43 64 20 20 12 32 58 37 59 34 24 10 17 26 25 29 44 150 23 256 13 13 13 319 360 471 578 677 744 809 864 908 978 1069 1093 1152 1236 1293 1386 1435 1541 1703 1771 1850 1897 1976 2015 2082 2166 2210 2311 2373 2415 2509 2588 2673 2746 2842 2874 2916 3028 3123 3166 3227 3336 3469 3578 3669 3762 3814 3854 3898 3956 4085 4184 4270 4355 4382 4497 4571 4650 4686 4751 4845 5045 
61 55 55 11 12 55 16 1 12 49 49 50 50 63 38 61 30 15 15 53 42 3 7 49 3 32 2 5 15 37 37 61 64 38 53 53 59 35 25 8 56 17 56 47 47 63 43 51 33 6 17 28 42 40 57 4 4 21 48 36 54 54 8 51 13 13 13 10 28 36 97 117 195 217 265 337 369 432 536 611 683 769 820 898 1000 1098 1167 1207 1271 1383 1485 1543 1616 1696 1777 1873 2013 2115 2193 2220 2267 2316 2392 2470 2612 2718 2838 2958 3052 3167 3275 3390 3491 3587 3633 3688 3803 3893 3940 4076 4185 4230 4278 4341 4426 4593 4651 4693 4781 9417 
64 9 65 1 12 12 49 49 12 44 31 53 41 41 41 41 1 1 1 20 50 50 31 38 11 11 7 7 15 53 39 3 62 29 51 51 21 17 60 0 28 60 46 46 39 34 34 37 27 58 47 23 43 54 146 206 316 408 507 6 589 636 736 51 33 45 13 13 33 818 853 918 1040 1104 1168 1240 1328 1387 1441 1595 1660 1728 1821 1945 2070 2152 2203 2286 2378 2426 2480 2568 2644 2682 2737 2816 2845 2931 2988 3037 3060 3177 3208 3259 3351 3417 3537 3582 3690 3726 3855 3923 3985 4091 4146 4209 4323 4440 4530 4604 4676 4745 4794 4947 
65 9 41 41 11 49 12 44 38 7 34 52 19 55 53 39 52 30 48 24 37 7 7 49 50 38 5 30 1 44 49 50 31 47 59 22 3 3 3 3 19 19 19 11 11 11 7 61 61 37 29 58 27 54 24 10 54 25 25 45 13 33 21 29 34 34 27 27 66 35 26 28 18 39 43 46 26 82 149 42 36 271 48 329 367 439 497 551 600 689 752 776 875 903 955 1068 1138 1214 1360 1518 1580 1626 1723 1817 1874 1971 2066 2130 2207 2268 2330 2382 2420 2494 2589 2640 2740 2802 2841 2951 3046 3054 3098 3226 3305 3399 3468 3517 3566 3674 3766 3860 3913 3959 4079 4206 4254 4371 4442 4573 4711 4848 4868 5139 
60 41 11 16 5 30 31 2 2 5 30 3 38 15 31 19 34 37 60 39 40 40 54 10 13 56 60 43 52 52 35 40 24 0 51 22 17 4 33 56 56 10 21 4 56 28 18 25 96 216 275 381 438 531 646 735 783 851 952 990 1121 1179 1273 1310 1357 1452 1526 1643 1734 1753 1818 1913 1965 2012 2083 2159 2262 2333 2434 2561 2670 2777 2914 3004 3070 3182 3235 3324 3365 3457 3516 3590 3646 3760 3886 4006 4038 4142 4231 4309 4410 4458 4522 4648 4717 4802 5361 
66 9 41 1 1 44 63 50 50 19 16 16 61 30 30 30 1 12 50 38 2 7 5 5 30 20 12 12 12 38 5 15 53 59 34 34 46 46 3 32 59 34 52 35 22 35 22 29 48 6 24 10 54 4 51 8 56 36 29 47 26 24 36 24 135 48 0 57 45 57 28 57 233 290 414 454 494 568 641 714 808 894 1027 1127 1196 1302 1372 1482 1569 1659 1707 1842 1919 2002 2079 2107 2162 2250 2335 2384 2429 2511 2538 2614 2672 2745 2823 2868 2920 2983 3079 3142 3172 3230 3291 3388 3454 3575 3677 3817 3877 3930 3990 4092 4169 4263 4343 4392 4441 4504 4570 4642 4691 4708 4833 5938 
58 55 7 7 1 1 19 61 59 59 55 5 30 3 14 30 1 44 63 2 2 2 11 7 7 11 5 1 62 39 46 27 27 27 34 46 26 23 114 228 40 45 28 21 10 322 392 0 465 42 42 514 580 667 774 879 989 57 8 28 1055 1074 1155 1223 1287 1426 1529 1608 1697 1775 1898 2008 2087 2155 2285 2395 2496 2577 2635 2699 2731 2836 3013 3104 3146 3217 3296 3411 3518 3581 3724 3806 3902 3962 4004 4095 4178 4242 4370 4525 4563 4605 4709 4788 5147 7370 
58 65 20 20 44 49 3 41 11 53 20 55 5 12 3 49 44 38 30 53 2 52 35 18 46 57 48 28 13 10 19 39 27 42 0 8 24 24 40 51 48 10 54 22 81 33 115 166 255 354 423 565 661 806 865 930 1021 1102 1169 1237 1339 1445 1523 1673 1789 1884 1964 2035 2119 2205 2256 2313 2387 2445 2501 2539 2639 2761 8 8 45 2889 2925 3057 3099 3221 3361 3429 3553 3636 3697 3739 3828 3922 3983 4054 4098 4215 4274 4413 4526 4600 4707 4846 4884 
59 9 9 9 7 50 38 53 12 55 15 37 47 32 59 52 59 46 46 37 12 44 47 53 2 52 29 24 5 47 14 27 46 23 19 57 17 51 51 0 28 10 33 13 13 13 40 10 39 4 21 106 8 164 191 264 313 421 533 606 680 791 889 957 1041 1107 1163 1200 1283 1353 1453 1507 1562 1605 1655 1739 1790 1864 1899 2030 2147 2215 2355 2505 2578 2736 2854 2948 3025 3130 3214 3341 3395 3532 3570 3667 3741 3835 3904 3975 4063 4147 4233 4317 4369 4465 4576 4703 4766 6255 
61 9 41 41 41 41 1 1 49 50 31 53 32 3 55 11 11 49 49 49 49 49 20 20 12 50 50 31 38 16 16 7 61 53 2 3 47 55 52 35 38 16 16 7 50 19 22 62 53 12 58 61 27 23 51 23 24 23 45 8 56 56 56 56 40 45 48 46 56 27 24 30 30 43 37 35 59 21 29 20 148 239 349 425 476 561 634 739 829 942 1035 1134 1229 1368 1455 1622 1705 1849 1918 2048 2236 2318 2376 2479 2520 28 2574 2608 2676 2754 2781 2883 2912 3011 3080 3145 3236 3260 3337 3389 3425 3444 3481 3527 3598 3650 3733 3791 3870 3924 4019 4118 4289 4404 4462 4562 4610 4718 4783 4852 5250 
60 30 1 49 50 47 47 38 16 15 38 34 52 6 21 14 23 58 42 48 11 49 50 50 19 53 53 32 2 52 21 47 18 43 43 54 57 51 8 26 46 39 7 5 12 3 3 19 19 50 18 61 48 10 59 21 42 54 129 187 274 348 426 559 654 0 822 866 945 1100 1160 1244 1315 13 1397 1428 1490 1560 1654 1714 1808 1879 1942 2011 2141 2211 2266 2319 2363 33 33 2482 2529 2655 2694 2803 2930 2975 3031 3152 3266 3335 3443 3490 3610 3681 3811 3881 3954 3995 4078 4217 4318 4388 4463 4520 4609 4666 4765 4827 4936 
67 41 41 41 1 1 1 44 49 49 50 50 3 53 53 5 37 62 11 16 16 7 35 30 15 29 51 29 22 27 24 6 18 16 16 16 7 7 35 26 35 46 43 60 48 60 35 32 44 3 3 14 15 24 24 34 34 34 29 54 42 45 10 29 54 18 108 193 40 51 57 51 57 325 371 484 573 637 731 841 934 1018 21 1099 1172 1216 1363 1467 1513 1588 1649 1718 1780 1845 1966 2061 2142 8 28 2212 2242 2328 2432 2485 2493 2521 2587 2657 2743 2793 2869 2949 2994 3087 3198 3240 3293 3350 3405 3475 3592 3628 3746 3813 3872 3982 4026 4133 4228 4246 4312 4351 4431 4470 4521 4601 4699 4767 5164 5957 
59 9 11 55 11 53 53 32 12 3 2 7 34 34 5 35 59 46 22 3 1 20 18 48 52 6 36 25 36 0 0 42 28 33 33 33 33 33 36 23 27 26 25 26 57 0 17 126 227 28 28 10 344 393 482 587 688 768 837 912 1013 1166 1275 1348 1421 1536 13 1651 1680 1702 1788 1852 1911 1956 1995 2044 2086 2149 2226 2287 2360 2495 2553 2610 2686 2805 2896 3003 3124 3196 3316 3401 3467 3551 3620 3673 3779 3810 3895 3996 4094 4203 4275 4396 4517 4591 4659 4750 5503 
62 41 20 47 53 2 55 55 55 11 1 32 37 5 47 3 12 38 37 47 22 29 14 14 7 7 16 38 141 32 39 46 23 27 57 27 0 21 51 27 4 54 223 287 389 33 36 487 504 28 599 638 721 814 983 1073 1210 1294 1347 1432 1499 1540 1633 1679 1735 1787 1875 1903 1989 2077 2183 2244 2374 2453 2537 2659 2732 2789 2872 2932 2979 3073 3212 3255 3279 3334 3462 3506 3576 3631 3717 3745 3793 3942 4011 4052 4176 4293 4366 4411 4510 4553 4635 4785 9844 
62 41 20 55 11 49 1 44 31 16 7 7 1 12 38 15 3 39 46 24 34 15 16 1 1 44 3 14 37 62 169 58 60 8 17 45 40 24 34 10 10 45 18 52 35 10 13 10 54 17 235 281 345 463 496 545 665 707 803 870 953 1033 1120 1195 1265 1340 1373 1451 1500 1628 1719 1784 1893 1973 2059 2134 2185 2278 2367 2487 2527 2590 2667 2717 2849 2937 2996 3107 3206 3290 3328 3391 3495 3524 3559 3635 3678 3727 3878 3936 4023 4086 4160 4235 4315 4412 4532 4613 4697 4825 
59 9 7 1 55 55 55 55 30 50 24 30 20 12 49 47 59 35 46 8 6 43 23 40 30 12 44 31 49 14 14 15 53 32 34 36 23 4 13 4 39 35 35 57 17 56 17 14 112 215 305 60 26 405 23 51 36 8 445 485 508 624 45 701 740 13 13 893 906 1057 1122 1204 1276 1334 1379 1533 1716 1809 1931 2005 2076 2154 2255 2323 2375 2416 2526 2603 2729 2814 2867 2934 2993 3029 3083 3224 3397 3458 3529 3571 3666 3725 3785 3815 3925 3993 4131 4222 4301 4424 4595 4690 4774 4939 6653 
60 9 65 1 30 15 11 53 22 11 2 61 34 62 29 47 19 19 16 35 46 46 39 10 23 51 51 23 36 33 4 21 51 57 25 25 56 48 13 13 13 90 138 247 324 374 449 608 719 760 874 988 1085 1198 1346 1413 1522 1578 1688 1730 1816 1910 1980 2055 2126 2170 2261 2358 2408 2462 2491 2560 2648 2722 2774 2926 3020 3068 3132 3251 3338 3418 3474 3603 3665 3708 3750 3797 3909 3955 4057 4114 4179 4276 4443 4567 4627 4734 4813 8661 
68 9 41 41 1 12 12 50 31 3 14 18 30 7 49 51 5 20 20 50 30 20 12 12 44 44 50 31 32 14 37 34 35 46 22 17 6 6 18 56 39 43 37 61 60 25 48 8 51 45 56 60 42 35 52 40 8 6 48 28 43 151 6 51 205 54 262 335 467 581 692 725 836 914 994 1065 1192 1306 1437 1506 1577 1650 1710 1766 1804 1868 1959 1990 2041 2084 2156 2199 2281 2346 2414 2464 2531 2573 2618 2674 2704 2767 2806 2891 2992 3036 3128 3193 3254 3314 3400 3479 3596 3652 3709 3730 3775 3846 3941 4008 4060 4191 4290 4338 4408 4456 4579 4654 4722 4792 4916 
63 9 9 11 49 49 20 44 31 50 50 12 44 63 31 31 50 50 47 38 16 16 16 7 7 53 32 2 2 34 34 62 14 27 22 10 28 22 35 18 42 21 8 28 42 17 21 6 24 10 54 18 23 23 54 42 168 212 246 356 419 535 623 669 28 754 812 887 941 993 1088 1191 1254 1349 1393 1478 1589 1677 1762 1823 1946 2025 2080 2172 2263 2340 2459 2508 2562 2626 2708 2810 2844 2873 2941 3002 3115 3158 3192 3250 3348 3394 3480 3563 3661 3763 3841 3963 4065 4128 4149 4256 4376 4468 4502 4644 4695 4712 4773 
57 9 11 38 1 44 2 30 39 23 46 42 55 15 31 47 23 60 50 38 6 14 24 4 14 14 36 33 56 33 10 98 171 229 328 404 57 57 492 529 575 703 800 927 986 1044 1112 1205 1247 1400 1484 1563 1641 1695 1810 1900 1937 1984 2010 2097 2176 2331 2412 2503 2622 2681 2755 2850 2982 3091 3207 3301 3378 3451 3545 3672 3747 3796 3882 4013 4089 4157 4302 4383 4494 4540 4612 4646 4733 
62 9 41 9 179 11 49 20 50 50 31 31 47 22 16 3 37 29 18 27 34 37 29 24 52 35 46 23 4 21 51 52 6 24 317 399 36 17 23 28 42 54 522 577 639 687 745 838 947 1023 1092 1137 1233 1284 1375 1473 1564 1661 1760 1830 1950 2019 2163 2227 2298 2341 2413 2507 2543 2633 2713 2794 2927 3001 3078 3155 3258 3359 3393 3406 3505 3585 3702 3805 3857 3966 4072 4138 4208 4252 4303 4363 4416 4524 4583 4625 4682 4728 4803 5187 
63 41 41 1 20 50 2 7 53 25 6 30 27 7 49 53 2 30 20 20 12 49 49 31 32 3 20 49 14 19 32 22 52 19 39 39 29 48 46 23 42 24 6 0 0 51 51 17 40 33 21 33 21 4 8 102 57 13 13 188 277 375 429 448 502 549 612 666 772 862 940 1058 1156 1277 1336 1420 1486 1538 1604 1664 1778 1831 1912 1996 2049 2177 2223 2305 2377 2512 2559 2671 2707 2788 2858 2961 3049 3134 3211 3303 3415 3526 3549 3639 3718 3833 3884 3960 4000 4070 4141 4219 4311 4401 4488 4574 4674 4727 4807 6103 
55 41 41 41 1 47 11 38 16 16 20 63 3 19 53 59 16 16 7 34 55 30 62 15 3 14 37 29 14 2 7 49 19 22 35 52 51 23 43 36 42 42 48 58 43 34 29 57 52 35 23 40 25 21 36 157 209 327 396 460 552 673 761 33 13 57 848 901 967 4 1096 1159 1299 1370 1468 1537 1686 1738 1863 1927 2029 2125 2191 2273 2344 2404 2517 2616 2735 2835 2909 2955 3039 3092 3149 3215 3267 3396 3515 3613 3691 3768 3844 3876 3931 4051 4129 4229 4399 4498 4590 4679 4817 
63 9 41 41 1 1 1 20 12 49 38 2 63 31 19 38 16 7 5 55 30 53 32 55 11 53 58 39 39 15 15 15 11 50 38 38 20 12 12 47 53 53 22 34 34 3 32 12 39 21 24 24 56 28 25 25 26 7 12 39 60 58 54 26 6 119 194 42 51 36 28 28 33 25 57 288 21 48 56 51 4 8 362 397 495 560 598 619 686 746 793 923 1046 1082 1116 1176 1219 13 1351 1412 1489 1531 1613 1668 1772 1867 1981 2104 2233 2301 2390 2456 2542 2646 2724 2771 2860 2921 2977 3048 3151 3237 3283 3322 3372 3470 3511 3591 3632 3767 3873 3961 4050 4113 4175 4287 4394 4501 4565 4647 4719 4923 
63 65 1 49 53 53 32 41 41 1 49 50 47 32 47 32 22 11 11 16 7 34 55 21 58 30 15 16 49 12 39 37 29 26 23 60 25 51 24 24 34 5 55 15 15 3 20 38 38 29 32 26 42 27 33 60 52 10 17 8 17 54 51 48 8 25 35 32 22 24 5 130 56 58 25 25 4 214 273 339 441 510 554 603 650 732 845 929 979 1049 1132 1194 1272 1331 1414 1488 1586 1669 1763 1853 1954 2110 2175 2295 45 2396 2440 2474 2524 2613 2685 2801 2852 2924 2980 3137 3225 3347 3421 3535 3583 3689 3749 3837 3901 4010 4064 4143 4197 4294 4340 4403 4472 4544 4586 4622 4743 4769 5053 
62 9 41 41 1 7 55 30 50 14 2 53 53 2 34 30 12 3 3 1 20 20 12 12 49 38 16 5 31 47 2 46 47 22 62 54 27 34 10 18 22 7 34 19 19 7 64 37 27 39 21 54 25 36 56 51 28 33 45 27 22 10 57 21 21 21 4 89 28 245 282 350 407 455 534 676 737 849 924 1011 1079 1146 1190 1256 1322 1398 1466 1561 1594 1611 1736 1829 1949 2088 2204 2279 2339 2383 2447 2593 2651 2775 2829 2928 3007 3043 3120 3213 3300 3382 3512 3558 3611 3744 3827 3903 3946 4009 4099 4163 4187 4258 4386 4437 4483 4536 4608 4704 4874 
61 55 7 1 44 44 44 31 38 15 15 53 53 3 3 1 20 47 47 59 34 27 27 58 58 18 14 6 40 4 21 21 36 19 59 167 15 27 22 46 14 19 40 250 33 28 8 310 342 420 490 564 610 690 766 807 876 933 1062 1202 1313 1354 1440 1524 1603 1683 1754 1822 1866 1921 2018 2135 2234 2324 2468 2592 56 13 2662 2687 2751 2815 2866 2972 3059 3109 3184 3232 3315 3440 3619 3694 3845 3896 3933 3999 4031 4123 4193 4234 4281 4360 4489 4643 4716 4819 4904 
58 9 41 16 7 1 31 47 2 61 34 30 19 26 52 0 39 39 52 35 59 46 39 6 39 21 24 40 47 19 23 24 37 29 31 2 49 19 22 27 18 29 24 24 25 43 51 6 156 269 415 505 47 56 45 13 13 29 616 656 770 840 902 951 1026 1182 1239 1279 1374 1492 1528 1617 1687 1756 1870 1951 2014 2112 2190 2251 2322 2372 2490 2540 2647 2786 2847 2954 3038 3102 3191 3302 3353 3460 3542 3647 3734 3812 3951 4037 4082 4112 4226 4316 4395 4457 4538 4623 4714 4929 5008 
65 65 44 44 55 11 32 58 52 42 5 30 47 47 50 48 24 11 26 29 46 42 56 57 56 27 11 38 12 22 29 54 35 52 40 57 8 4 22 16 2 34 31 50 12 44 0 57 29 21 12 42 1 47 22 19 154 242 292 26 21 403 466 523 28 618 664 742 785 890 963 981 1038 1150 1186 1232 1285 1308 1355 1459 1575 1635 1746 1819 1917 2009 2027 2057 2102 2194 2320 2381 2424 2478 2620 2668 2683 2785 2876 2923 3061 3121 3204 3280 3380 3447 3557 3625 3695 3756 3856 4002 4077 4116 4220 4373 4477 4534 4615 4673 4715 4866 5267 
61 9 9 41 41 41 1 2 11 32 12 18 16 16 7 24 59 30 16 7 11 44 11 20 20 44 47 11 59 62 30 1 50 31 38 38 15 15 7 49 50 47 53 53 32 32 22 3 3 19 48 29 54 26 27 60 23 29 39 24 21 23 5 0 42 4 37 48 0 128 284 433 498 593 699 40 781 852 1043 1139 45 1217 1248 1384 1418 1516 1648 1671 1742 1782 1836 1930 2053 2100 2153 2259 2361 2437 2472 2514 2583 2632 2723 2773 2885 3000 3085 3154 3195 3245 3299 3371 3420 3427 3473 3541 3638 3720 3792 3935 4029 4083 4180 4232 4300 4344 4453 4566 4660 4780 4875 
