3 166 291 274 
2 232 181 
2 91 98 
3 224 81 211 
3 113 287 132 
3 21 5 9 
3 226 45 2 
3 245 248 183 
3 79 138 173 
3 129 119 52 
3 44 101 49 
3 267 201 130 
2 213 112 
3 198 10 169 
3 19 131 257 
3 57 118 278 
3 200 235 153 
3 60 42 208 
3 261 283 84 
3 156 70 151 
3 125 25 77 
3 63 83 247 
3 38 90 189 
3 263 147 94 
3 187 76 123 
3 171 114 69 
3 18 269 135 
3 105 22 97 
3 56 237 1 
3 144 48 270 
3 74 6 194 
3 107 23 279 
3 225 140 293 
3 285 93 178 
3 150 190 46 
3 273 73 272 
3 218 197 240 
3 15 195 229 
3 193 191 17 
3 227 160 231 
3 290 117 47 
3 137 109 206 
3 58 253 100 
3 95 177 233 
3 92 163 186 
3 220 61 126 
3 136 258 37 
3 276 298 143 
3 260 89 30 
3 13 86 43 
3 127 27 256 
3 161 243 262 
3 62 11 297 
3 210 268 192 
3 133 207 251 
3 24 295 154 
3 203 3 176 
3 299 254 145 
3 246 26 228 
3 286 50 67 
3 159 209 252 
3 259 170 120 
3 162 236 215 
3 134 271 66 
3 148 111 288 
3 294 68 280 
3 7 222 78 
3 8 157 152 
3 4 64 115 
3 72 202 55 
3 80 82 142 
3 103 14 155 
3 75 185 59 
3 88 122 104 
3 110 239 141 
3 212 158 71 
3 99 284 265 
3 249 121 182 
3 164 28 292 
3 184 172 31 
3 41 217 51 
3 87 244 264 
3 275 40 196 
3 85 204 266 
3 108 282 289 
3 34 128 20 
3 54 146 12 
3 168 281 199 
4 296 32 124 149 
3 116 102 242 
3 65 230 35 
3 179 214 250 
3 33 241 106 
3 180 29 223 
3 36 277 219 
3 234 39 205 
4 0 188 139 165 
3 167 96 255 
3 216 174 238 
4 221 53 16 175 
