33 6843 9649 3317 7602 1994 7226 4409 6814 8742 871 8996 230 3372 6306 4235 515 7505 7583 2560 9389 3452 7396 110 9356 5775 932 145 2064 3184 9 2289 8517 2848 
25 6269 5034 3362 46 1248 1875 8511 5317 4443 6858 4135 4100 905 4030 4081 6732 1122 652 7597 3275 1952 6035 5312 9827 976 
22 394 6912 4656 1016 4211 8883 5864 2978 149 3484 9049 4155 3306 4640 6653 7317 5459 221 2103 9123 3848 4042 
19 7849 8932 4200 2074 4376 9538 9033 2385 2543 5764 4939 3750 4523 4198 8969 8824 6040 2516 7182 
33 1794 513 1313 5158 3082 2126 1098 8486 7207 4068 1656 3550 2205 1435 3299 322 3242 441 3955 1816 5546 1103 7421 1404 5337 6097 427 5806 5499 9168 9371 7719 5334 
32 2828 7704 7927 1518 6425 3112 3493 7191 9948 7275 8801 15 8807 4533 575 8544 5216 589 1316 8347 654 6661 9399 5126 2855 4284 2339 2643 791 2193 5653 7825 
15 8189 1192 1412 9225 2960 4459 8141 5478 2483 7469 6482 8879 9499 398 3619 
32 8086 3160 9267 1186 2551 9466 8909 6476 4244 1787 2444 8764 1395 4591 7326 3808 8199 6923 8810 1167 2971 5945 3132 416 6408 8479 1481 9568 3671 3417 8070 2544 
25 1879 3396 4703 2967 2999 2776 1886 3102 6672 2477 5076 7680 6806 8289 740 7507 9867 7520 217 5136 7945 3318 5315 4818 296 
34 5881 1512 5541 3199 5054 5187 7364 91 3434 8062 4147 1539 1012 1736 4168 9967 6763 104 870 5980 7887 4425 2202 7067 7450 3162 1552 7349 6015 4841 579 6789 20 4592 
19 3410 5213 2975 6536 8348 9209 4256 4838 3757 9403 5274 5349 973 8889 8330 6028 455 5547 5629 
35 2531 1113 8207 8856 6446 4450 5100 6727 6379 6120 3216 6779 6047 1041 5733 9244 7153 6990 4505 5215 4386 785 3479 8794 5354 4010 3886 9296 4918 8735 3712 818 8690 7111 8618 
22 4056 7993 4233 4064 172 5627 4854 1331 9159 175 8257 1785 4651 456 5979 1811 2435 8825 1847 3863 8453 1300 
35 6044 9595 7372 8816 4250 313 4344 826 546 7697 9639 9303 4550 2037 6728 3625 1818 7321 8569 539 968 5427 2124 7970 1063 1483 8706 8983 73 8657 3734 4886 1633 8490 8850 
18 6767 6884 6245 9135 7448 5170 7762 5903 6773 4609 3048 9051 9439 8790 4162 5616 2677 4846 
16 6780 1414 3202 6746 2284 5754 8201 6988 5549 3189 7821 6107 4077 1514 4683 5857 
26 8698 2603 6329 7117 9602 3263 6550 6356 6222 4119 8644 8239 2082 4378 8976 8917 6442 9548 4082 4748 3431 4737 3357 8712 835 4697 
20 9698 5727 7677 3381 1023 4688 7966 2662 334 8885 8340 3303 7181 7279 6193 258 9797 9669 5474 2691 
35 6418 9852 697 4875 4666 4645 4930 4497 9440 8798 8103 9584 3007 7231 6713 2729 304 1345 5986 771 42 1672 3659 2617 1401 625 3911 7324 1285 9336 7183 9977 2090 6748 7937 
36 8587 6189 4511 802 5719 849 6024 2802 1859 8687 3314 8051 8871 8799 235 3714 112 6862 4351 4626 2789 9510 9422 2688 2816 4341 8839 5828 5338 3486 8386 6291 8282 7896 1456 1020 
27 7088 6752 5516 7277 7386 9165 7633 886 9077 2568 1348 8857 9574 4669 9043 7506 3360 6553 2705 3166 5290 7437 7953 2833 1961 707 8375 
25 554 19 7329 720 4285 7323 1684 5495 2852 6407 1985 8800 5021 8159 5329 7763 6953 518 17 4878 1926 1901 1941 7433 1545 
33 3667 3826 4502 6413 2235 1175 3057 6196 1355 4063 1443 821 3624 2760 7806 6824 7791 2854 2308 7405 1853 2336 3081 7835 3094 38 8456 2823 2946 9061 3687 8332 1003 
38 5343 2106 730 4228 7686 2434 5695 560 4756 8617 4879 3133 5452 1979 5289 6389 1420 618 9213 6542 2189 7195 4423 2552 4102 3788 5823 1174 4943 3803 2266 3698 1935 9484 7112 6364 1805 5606 
32 2507 2838 7406 7430 3795 7628 3190 5366 709 6094 4236 365 8830 4204 283 8993 663 7353 2148 4876 7960 5463 6894 3226 4600 4534 2096 9956 491 5889 4446 9736 
27 6900 3147 4139 6882 509 7508 3476 3561 5305 8105 9879 5704 1065 4810 6560 3897 7670 7892 981 1070 5773 5749 3369 8168 5055 1204 9334 
19 5402 1838 200 8254 3565 5917 8188 8324 4588 4772 1125 6249 3018 7652 2572 9578 9491 7621 6635 
14 1724 7711 6951 1997 3915 1647 1902 9645 3746 6333 7614 9287 4736 8939 
21 2313 4475 4255 7884 6584 5913 2667 7014 7080 8904 9006 5929 4251 4789 5002 6600 2965 1196 4325 2865 3559 
27 3168 1609 6004 935 6305 1324 9897 23 7620 6008 8438 8583 2350 727 9235 179 721 4178 7644 1928 3100 9942 148 6349 5533 4040 8870 
17 6607 6192 4003 1913 66 2591 4440 954 5648 8558 4146 4229 2962 2970 3957 7748 6644 
30 6913 1251 5602 984 2817 1509 9900 949 8028 7749 5692 4718 4473 5104 2129 6829 1072 7653 7377 3296 3801 3900 9088 1987 4413 6700 6373 8888 8726 9573 
23 113 2928 7249 9925 7498 5715 4805 2756 9718 1945 4322 7616 7942 5118 7200 6419 5555 7664 8195 1074 4506 4790 9532 
13 7716 2979 9376 2762 5357 7397 2274 5175 2678 8231 9904 4793 6384 
36 8564 4414 4624 4826 895 9981 4872 3974 4907 5700 8109 3597 7627 9139 6436 5565 6414 3674 9395 8829 8181 9959 4816 5772 8474 8405 1675 8208 834 3604 480 4269 3343 6914 2773 144 
23 3647 2160 5133 2546 9798 4963 9594 851 1828 6001 1370 9119 2674 3822 5325 4444 4061 3626 927 8249 9396 7393 6221 
20 3321 7745 6622 1982 3234 5805 7584 5128 2091 5277 7858 3034 1556 8619 8866 5949 6685 9646 7565 3679 
31 6361 8783 5875 5540 1628 8110 5766 3181 3622 2867 8288 3905 3547 774 6444 1516 510 3438 2462 1373 4579 8679 3953 5624 6011 4041 3265 8371 2794 794 6342 
17 2944 3866 164 8306 6722 600 6180 7420 4954 9253 1244 9197 555 7158 7600 4823 7133 
35 9670 7104 1655 9002 9419 657 7043 4415 8505 2766 1470 2513 4263 6292 6908 887 3053 4898 3873 974 3061 591 9323 6841 3884 6835 1608 3063 9058 49 6614 1180 6931 9776 8921 
32 8271 3572 6327 7662 4764 8220 3429 138 3851 7659 3574 5532 1834 279 6042 3262 2892 1011 7447 2980 521 1151 904 564 1153 8240 390 6594 669 2200 7527 8710 
23 5222 2436 3947 1326 6438 169 9537 6132 5803 2866 4685 261 6025 5877 4754 3599 2257 8305 8065 1274 2987 8994 6665 
17 3008 7379 9190 4664 5809 4638 7075 5767 9740 9081 2067 9773 7413 4305 1826 811 616 
34 1815 4583 3176 6220 8796 6652 9678 8806 9195 4089 4871 2648 1393 1774 9330 1308 594 3841 3961 556 9488 8354 6315 858 7511 8393 1172 5822 7740 746 6986 3762 535 2609 
21 2176 4300 9150 7807 537 1551 3660 7328 5966 4936 5863 7550 7470 3301 3933 3548 486 4231 8647 1377 9131 
19 219 8158 2718 2525 3139 5309 1566 2279 1965 9664 5196 8771 9455 765 1080 4108 8999 1812 240 
32 6694 7116 8786 950 922 7019 5116 1302 2048 2874 1871 5154 9110 9337 7734 3747 8387 250 8812 6709 7212 7736 848 9178 7776 5264 5141 9781 9014 7215 1087 8069 
13 7227 1168 4978 5943 1163 185 114 7294 1049 2620 5831 8865 7375 
21 4098 1323 3426 6454 529 708 105 9346 6880 5157 7741 798 1131 925 5013 7218 9814 1683 667 9494 5758 
26 2327 2641 4164 3462 3816 3022 6601 3760 2104 6061 7313 9683 7063 815 5401 3587 5010 1108 6355 2878 6598 6019 8311 6840 4348 7093 
25 4644 4141 4227 4433 7872 4821 2636 5442 9843 7101 9470 5068 9372 4222 7443 9174 7765 9615 7954 9861 4752 9936 447 3664 6870 
27 4586 5996 1208 2984 275 8218 9407 5587 5689 3233 8471 5639 7738 2493 4254 4923 7332 7225 5927 7204 3683 4510 4257 5718 8226 1304 2813 
33 8509 1090 5636 1206 1474 6098 1364 4406 953 4358 2959 5730 4067 6975 1770 4850 94 3684 1548 520 291 4581 9107 4253 9343 1161 5871 7423 5252 5599 7057 3284 2276 
22 9187 7810 6786 8346 4016 4806 607 5082 8300 6426 2246 2272 698 7755 6353 4312 3828 4258 4560 8016 8730 2161 
33 9626 1332 3575 8573 5663 6771 4024 4786 9858 294 7143 4866 4282 9987 8136 6375 2710 9072 2567 8362 8234 9188 6531 8084 7199 6992 5056 14 9154 6070 7496 3514 8527 
26 9291 4387 6304 1054 989 6575 986 4966 7134 7513 2842 7931 9229 1424 7990 6734 4015 2071 3899 3964 7044 6057 5817 2185 7459 6127 
19 2418 6359 517 8129 7549 5367 6282 6667 2517 9096 8600 3998 4037 9840 9067 4795 1052 2312 994 
21 9020 7864 3976 435 7380 4403 2406 7503 4714 1159 7365 54 522 4199 9759 5322 7801 2847 1841 9558 2530 
29 2774 9087 3821 4225 7554 6293 3169 5008 5619 9433 2439 5472 5640 970 8010 6777 2500 5336 8632 3312 9528 8423 3106 7269 2196 7702 758 4133 2117 
27 2278 3276 3138 2904 3585 8940 7253 1631 2368 2680 4767 8193 5486 8755 909 1050 2950 3630 2685 6572 4868 5145 108 8607 8980 325 2983 
30 6633 9052 9030 1873 8795 8785 9458 2884 396 8610 8033 3496 6548 714 6816 6102 5849 4461 6289 2381 2676 9756 5643 8230 9069 2318 9451 9241 2130 2755 
11 2429 7455 6747 5983 3247 238 1000 7027 3522 587 3408 
27 7318 6656 1852 8157 951 5539 6512 8030 3759 1523 872 4899 8432 8920 8680 6077 2295 1434 1385 3206 7902 7947 5926 1234 2113 9004 3929 
20 610 1407 1489 9806 933 4940 1745 5576 3609 8164 9264 4796 6504 1881 5127 7416 7813 8541 757 4292 
24 6965 9996 2649 4957 671 1294 8412 9505 1947 6515 129 5483 2419 3725 5916 5755 7845 861 1390 1219 5224 107 4778 1652 
30 4066 817 9255 4404 1102 9068 4355 7829 8510 1791 1612 194 6799 5391 4632 2903 1486 7921 8045 3506 4603 3131 5609 3302 2588 5037 8095 3441 1983 4127 
26 7229 3024 3991 5626 7922 2585 921 2275 7903 8638 4921 9001 2909 6463 3756 6787 5795 1661 3695 9857 1607 4412 1940 9024 5376 9354 
34 5902 6529 2455 8536 8772 3502 1676 3952 9729 1568 6036 9826 6462 4985 7352 812 8060 1533 2303 2778 1971 8358 407 5691 4766 8515 299 6209 2458 913 7951 9614 3110 7173 
25 4882 190 4575 9815 1755 5751 7256 9186 6181 9780 5577 1889 6224 8496 1498 3815 1333 4707 123 597 4508 9668 6717 6518 5501 
28 1563 7193 8984 2121 3085 2622 2373 9778 9783 3699 8025 9148 4025 6758 2708 2371 6075 5397 6957 960 7544 6440 1086 3681 7476 8008 3347 5723 
23 9411 8711 6648 9553 8244 7823 4543 4942 293 4578 6530 6376 3342 9591 3943 6227 3272 8056 8251 4267 2073 8808 4243 
18 7911 5112 6200 266 5371 8820 9955 9988 5482 6539 3389 5490 5570 2029 781 62 4483 12 
33 9901 3758 2690 483 7492 6009 1436 1309 2898 4773 3079 4038 4043 9113 512 9092 8336 6267 3538 3401 8172 571 6259 2562 228 6828 6153 3140 1403 4729 4197 8137 2845 
27 3239 5218 2422 9636 3542 6244 8094 8493 2164 987 3271 4343 5140 4809 5384 6859 5738 2728 1361 5114 3023 9099 5450 7539 8238 89 4725 
20 1993 7028 1804 854 6216 3784 7558 9028 1067 5243 9825 2158 4655 1732 9413 1878 7833 3971 3028 3279 
10 9121 9570 8140 1814 4232 5548 2430 681 1022 4568 
25 8578 6526 2958 7267 4266 3776 1988 6874 964 6478 2351 5696 3774 2803 2050 2647 8880 2726 4463 8487 7991 8091 635 8463 4338 
31 3692 7357 7792 2780 6338 5686 8989 7785 1263 4792 2260 6121 2972 6915 9143 6680 9418 7292 451 1648 4527 7426 5423 6136 1658 637 1295 1544 3543 6257 6613 
27 1866 3989 9633 1503 152 92 7162 4503 7445 4397 1433 7624 7610 4992 8270 3397 34 3244 5614 2752 3764 3726 6095 9715 4005 9520 1293 
14 7468 4213 6940 2099 2555 5066 7639 573 9338 7083 9690 2836 8397 8054 
28 6160 9974 7638 6420 3594 6580 177 3904 4965 3425 2359 7462 1714 742 4694 4517 4571 6385 2763 5936 9973 9094 879 1645 8090 4126 5661 5179 
31 5245 482 4587 9410 8523 7933 9408 7103 6999 4824 2078 5005 7298 9224 8628 7331 682 500 5850 3820 6720 7033 8012 6017 4298 6275 7681 7617 3627 2671 5254 
17 6424 3459 2566 2717 7479 8953 2346 1956 5438 966 8222 4315 5596 6981 7289 8123 4145 
15 8675 3333 8021 9890 210 2981 4744 1855 3650 9243 4519 2550 2287 9765 1653 
19 8420 9405 9985 4048 1768 9420 4221 4248 8460 1626 8971 6586 2929 3766 6217 5011 1312 6465 8941 
11 8184 4659 524 3765 7490 4060 5226 347 3533 2940 8119 
15 9207 1194 9927 4690 4389 9565 1432 2533 919 8235 3922 3898 9714 3500 6016 
20 489 6794 9401 1221 2573 1638 2215 6126 124 2466 5826 1764 7084 4757 9465 6390 7577 8320 4904 3620 
30 7799 2748 481 199 3583 3232 7746 2924 388 4937 9319 8225 4357 946 7130 5552 1035 7976 7012 4439 3768 5229 2379 7484 8205 8216 6993 9940 327 626 
14 7877 3311 1527 9297 8637 476 7167 7025 1440 6573 2583 234 3719 3850 
28 6952 5808 7224 615 4396 9127 5622 9101 462 485 1930 929 586 9333 9136 8009 3101 2611 9447 8498 8720 743 5022 2569 1703 351 5578 3969 
23 8179 661 4153 9735 5287 6893 6082 9075 2395 5070 9268 6641 4012 6926 9709 686 7773 7254 9567 5839 831 4479 998 
22 6456 4170 6669 8653 823 3970 7941 5679 2907 6769 4840 5470 1296 6142 1622 6090 1156 8468 2100 6585 4803 9677 
31 5161 2915 1200 35 7092 5838 2362 461 6248 4496 4453 1592 5172 5259 7351 8855 7179 4165 9801 6812 1706 1099 885 6954 7127 8046 6368 9552 9317 4277 710 
31 4788 9274 4720 6842 6392 2663 7901 1182 1415 9031 9849 8550 6605 2740 7904 6714 9651 8567 2242 7500 160 5327 5765 6766 915 6065 5048 4611 6546 729 8722 
24 61 2079 8978 9353 3537 617 7811 578 5221 4689 4086 5411 7077 153 1761 7340 5558 1026 180 4926 1473 4057 406 4662 
28 6649 6135 5710 5562 5815 1643 1197 3862 8416 1389 9015 3948 991 5981 5167 1229 2004 5498 6568 1270 2002 2902 8267 1303 8877 2337 2864 6191 
25 580 6068 364 2652 1688 4272 4212 1042 7708 201 4152 4053 6532 8709 827 8117 6671 2475 312 7257 8913 197 8313 9095 1642 
34 3564 8262 7846 2118 6922 1491 1667 241 2653 3326 8990 967 1790 1960 2309 6138 5417 6326 5102 171 2348 9055 9102 9582 404 8011 33 5432 2491 5204 5563 7151 7772 4799 
33 4687 6457 5214 168 5888 8093 1106 633 6719 5847 7971 4784 65 3474 1071 3635 8127 8197 2785 7608 5186 2047 7893 5 2469 5762 1808 7705 5845 6148 828 759 4103 
25 8728 9128 8203 9252 843 2621 2151 4964 8616 9533 8247 4619 3353 1033 3888 6303 6230 1126 4275 7696 111 4418 2598 807 6750 
32 3457 8713 9559 3938 7434 3663 1762 3451 4724 2292 7516 3210 5040 7296 7178 2268 7781 242 5956 8068 223 1666 2542 558 653 8678 269 2870 3252 6973 3093 2134 
25 8520 5721 1500 4704 8273 1250 5713 553 8214 2397 9667 8743 9230 4825 8242 943 6938 8714 2807 1225 7412 9427 1060 2623 4844 
18 6039 645 1203 3285 5278 4219 3999 2595 4190 5502 449 855 227 9730 27 1321 7678 4392 
22 1269 3557 8194 6247 379 163 6683 1980 2137 924 5180 1073 6397 9363 4036 8402 3728 4901 4531 6266 9834 181 
31 9581 1228 5554 1830 4973 3433 2404 4971 6067 1271 7900 8150 8688 543 2765 7024 4335 6483 5106 2282 3006 829 588 2744 3814 2490 3388 6955 5446 1701 3737 
33 3743 1013 3510 6058 3116 1496 3364 3531 6344 5782 7998 7164 7935 5379 434 4660 6137 9212 6332 2936 1119 7240 1829 8633 1076 6889 1059 7073 6845 7818 86 2926 4622 
22 6321 3393 2400 5097 2142 3413 7832 8039 7175 8704 570 4671 8733 7053 9772 265 5833 8613 4962 9545 5720 7986 
21 8559 3249 5359 47 7097 646 643 1476 6041 3432 8963 8004 8074 8284 534 6149 9616 2236 8896 978 5024 
25 9979 4536 9556 533 6818 2250 8259 9972 9964 4552 6850 4301 6339 6055 9699 2820 6295 1526 7478 6449 4808 4242 1454 8770 5370 
29 5381 3640 4630 3475 1977 300 9232 6582 4314 9000 3039 5143 800 4075 6505 9250 3161 2913 5152 4216 8677 6383 2692 5515 3702 4785 2280 5988 6170 
23 741 4877 874 5757 7874 5156 7684 7724 8400 5780 9233 3217 2579 9713 3240 8802 7959 3274 3612 383 9214 5944 3528 
11 4829 8173 6808 2758 9866 2812 8142 797 3229 1226 6439 
28 5304 7398 8447 3073 3420 3038 4639 3315 5899 2885 5907 8111 6873 6030 7095 1596 5633 8461 2510 6867 3464 2310 4230 2210 6782 4490 8185 6111 
32 1735 5818 209 417 4953 7916 3122 7629 8945 4293 1096 9474 8650 9397 3159 7137 4419 6510 2932 9415 9115 6768 5800 9426 4760 5251 7039 7310 3405 1327 795 3313 
22 3025 2536 8274 3050 3036 8445 2171 1862 2412 7566 6854 6813 420 1183 2267 8422 36 8636 7228 3107 7783 7441 
19 8204 3092 6710 8682 6480 97 9516 833 4892 8926 5559 4646 7536 2725 6501 7722 8580 8606 7036 
30 2941 4984 5295 6984 3993 6989 2011 6579 7515 7764 1193 9192 1715 7363 9083 3078 9175 7419 8887 7622 7838 8052 9059 4492 7491 8139 6991 9277 5280 1038 
32 583 166 7314 830 1634 6026 7636 2673 9539 397 9896 8603 5569 8502 9157 1396 9023 7288 243 9456 1351 1298 45 4975 3019 532 4574 1334 6421 4337 8043 3903 
27 1528 658 4635 4207 7174 942 2857 3099 4834 1008 9720 9324 6201 1394 3323 8656 4730 4529 745 3634 931 1462 5185 4860 2734 2448 5631 
31 7640 4546 3430 3445 2352 4555 5557 2110 1166 5062 8540 3213 8166 1145 5561 3912 363 7400 8907 3670 903 5392 165 5079 5634 9294 7885 1731 7996 5476 9673 
24 5649 8079 7316 1709 5094 6234 732 276 3913 6608 1719 9350 6525 1673 1821 44 8066 6394 1128 1419 9960 2502 8044 6467 
34 8342 8449 2495 119 1863 4065 8101 5564 5074 6386 857 4667 5373 4893 4843 4988 6617 7782 7802 9060 577 8318 3563 3153 706 1793 4288 6770 7268 8572 926 3335 3690 5665 
26 5406 6658 8979 8440 1233 2651 6967 9044 2228 4259 4218 5419 6847 5605 5930 1615 6624 6071 9794 1280 9434 8861 2277 5923 5458 2770 
28 1353 1784 7428 6879 3062 9790 8627 8767 2024 8961 9554 4429 4188 8813 6543 7272 4573 5331 9519 2716 8398 9307 56 3264 5592 6507 5253 2658 
25 4495 2714 6473 2212 9496 2051 889 7007 1266 9978 6977 1535 8221 7299 5165 7517 5286 7139 5671 8723 1354 9703 9609 6917 3755 
27 268 3208 248 2605 2570 9738 5642 5050 4070 6898 1286 8689 8081 9853 344 6660 9201 4448 3183 367 971 1739 2689 6250 316 9993 8480 
21 585 2296 4935 5535 8521 2382 330 9138 5238 2453 7234 2693 3924 9479 9029 6043 8532 7581 7495 1887 142 
31 8840 4194 4154 9512 7209 7342 5861 8058 5064 3498 947 255 4279 2244 3016 1116 3352 7330 5827 4727 6310 504 3876 4676 4179 2629 5051 9129 6118 590 3346 
16 8102 4084 5712 2660 9436 2868 2918 4148 5493 3280 9184 1095 6151 566 391 7700 
28 7141 5615 1363 2440 267 3270 5135 141 2954 979 4114 7898 6708 8307 5911 6083 3052 2062 6204 8821 3926 9839 6690 7 8985 3456 766 770 
28 3471 5572 8835 8554 4101 1046 8151 7808 4130 5031 3694 6140 1255 3163 6692 8992 1469 6086 8975 2761 9308 8777 8124 2446 1427 3095 5637 6458 
33 3030 2742 284 3616 5428 348 4326 8272 1455 3146 8895 4675 2341 7879 3011 4567 7551 7958 8013 7721 6464 4182 5594 3658 642 7487 9931 6725 7717 9486 1599 4332 8862 
13 5598 9544 6265 4705 753 1146 6178 6527 5119 1278 4741 8701 7252 
25 8406 7230 3461 3830 5621 6048 6643 8228 6374 2810 9478 2206 5708 3070 9361 688 4845 467 2016 288 5985 6551 5922 1809 3288 
26 2008 1773 7580 640 3414 8298 6744 5105 8872 7286 4950 9835 3577 6337 2367 2038 3769 5918 9126 8608 5283 9808 3727 8096 2298 5819 
33 8395 3546 8209 1625 3490 2856 9872 5375 7643 459 6197 130 2829 6642 7004 4128 1668 2396 3455 9957 3376 6637 3158 9587 5418 8853 630 9953 4791 702 6968 2019 6479 
23 2020 3005 7779 161 5824 408 9659 5664 5284 1078 7853 6801 1711 5346 673 324 8685 2098 2219 317 5798 1758 5020 
28 3693 5369 956 8868 6261 4990 1721 1710 3225 1720 3707 6471 7752 4847 3365 9856 7242 3653 4313 7054 4616 783 7297 3224 2821 9717 7758 9476 
29 445 6558 9282 2783 1723 208 9842 3439 7778 2023 7726 8760 2737 3137 4569 7454 1094 6124 4252 6577 2001 3733 9005 6933 1663 2786 8396 9753 9374 
21 6724 8557 8967 9222 6486 3406 6945 116 6429 7571 226 7336 6549 167 7526 2249 6099 3703 5404 4286 2441 
33 957 2123 4109 6718 2537 507 6101 9276 629 649 4031 4677 2989 2141 2 5073 8261 3293 6167 3045 4460 9862 1654 5181 7925 4678 6499 9443 2888 7052 301 6405 3286 
30 5716 3697 945 608 128 6430 982 3775 7693 6902 1069 1831 2841 4916 2722 7757 256 7260 7646 3395 9945 3337 5987 6878 5153 4577 4670 9217 4604 7281 
34 3281 6849 3334 5620 761 1733 7535 7729 1943 3621 9438 8691 2645 8661 2596 5908 1493 213 9688 4732 2010 3385 1765 2201 5144 5797 1127 9200 822 6950 4079 5973 5848 8789 
29 2912 8290 5025 3966 5234 8615 8555 6013 8560 7812 4895 6218 2191 7689 5016 6540 5705 3908 5595 2858 4306 664 6046 6108 5667 8080 6434 2839 9796 
27 5341 2233 1588 5920 6340 8665 691 2343 2846 4628 2670 3449 5958 433 4620 7978 5681 2587 1375 3526 4738 3794 5015 2637 7955 9910 4069 
22 3103 6745 9743 7595 3785 8968 918 5793 43 9211 5938 9066 6109 3800 8818 8702 2391 5429 4324 8082 1573 5225 
31 1978 8574 9382 2982 908 5014 4498 9882 7414 9968 7006 8268 2218 614 3150 2087 7418 7107 9448 6347 1925 2111 5509 5197 5972 7343 5460 3238 4522 2540 3723 
30 297 7319 5816 8187 2732 3205 1459 9859 6571 624 4682 7538 356 8841 6707 803 2911 5270 8417 8912 2058 5745 7213 6411 7251 1585 1287 685 4156 3569 
29 2986 5948 7585 7637 7312 6498 2937 2304 1169 1101 7805 2906 7830 4224 3135 6415 1416 1857 4597 3013 6628 7168 5084 2168 6278 2223 7660 6834 8535 
32 157 8302 8224 2338 3879 9158 3524 254 3228 1944 2281 9508 9247 1783 9355 1918 9828 676 8954 6382 3806 1895 9841 3423 4132 705 9771 2905 2843 8482 790 5230 
30 7862 6749 7068 2330 5219 3874 1639 21 7205 6625 1471 4430 9442 619 8584 6675 4960 9855 6388 7185 8497 4215 6892 4934 7946 8384 8279 6246 6242 1212 
28 4214 5049 6547 8368 8546 876 1504 8843 6775 6678 9706 2461 125 7098 1165 972 4674 668 4175 5505 9279 8751 3348 6468 452 2114 218 7731 
23 7119 5480 5792 9460 2634 7461 3920 5645 7728 2974 3706 1574 5884 6760 8894 8908 4261 7950 2554 3390 430 6559 2627 
31 3149 4693 1869 9144 4558 5012 3732 7245 2930 1256 2640 9975 7081 2875 4559 2607 561 689 9542 6655 8361 8476 2433 748 8050 478 604 2342 2258 1018 6441 
22 734 271 1260 3114 8112 2665 2360 425 6674 7542 8918 5247 5976 9480 1629 9929 6960 7518 901 6212 6241 2169 
31 1888 8586 212 7683 1627 9832 5952 7457 6297 890 9056 5658 122 1034 3551 7354 3374 6079 205 337 631 3720 9145 1279 9432 2361 8589 6273 4049 5449 4987 
20 4346 5991 514 6578 7743 7914 1786 4745 525 339 605 9332 5328 5788 2798 4753 8260 3965 7335 3259 
28 2576 2324 6206 9926 4410 3972 572 8379 156 9641 1117 7145 4642 3761 3295 4317 6604 6791 7378 4023 393 191 6731 9057 4691 0 7789 7795 
31 4842 3148 6159 5887 782 1884 9134 6784 4696 6630 6925 9724 5208 2713 1123 2631 3201 4549 4000 7099 1068 9865 8757 158 784 362 5580 7880 6959 5931 9906 
18 9283 9406 9691 9874 290 3325 7263 5962 8018 9844 2977 6085 8775 4770 3235 5071 5266 962 
20 9216 8020 2147 4782 2470 7534 2288 5026 9153 1265 9598 3730 3497 9672 3716 1575 79 5869 7432 4140 
27 9523 1651 409 9251 2702 6146 928 6522 6846 2996 1572 2447 5035 6215 4650 9108 2801 7780 3864 4509 3002 9493 1147 5977 1677 5273 5244 
26 55 4437 1010 4107 7710 6638 1487 7010 1246 6443 9428 6612 9886 8252 9653 2097 7771 4488 413 7481 7739 1398 1813 1536 9700 8171 
32 1664 9137 892 3403 4088 4297 5453 4986 1746 2075 4163 5534 3570 6059 2345 2837 5420 731 8061 3777 703 3419 5761 5638 5588 4367 9048 9390 2606 6080 1210 4929 
31 29 8484 6239 9286 1272 4245 9923 952 7679 8373 8293 2935 6495 3973 1371 7848 4395 9531 6554 6144 1540 6934 9373 7836 8666 6088 7138 7002 9937 8178 3458 
35 6961 3596 8832 7465 3875 9951 8042 1079 8951 9647 4328 3155 4594 8444 4856 6821 3221 278 809 6995 4925 1836 1124 2655 1919 4342 4304 1742 446 4967 2474 2697 8138 7146 5543 
23 1833 4455 3017 7690 6538 1215 4371 9249 8819 6556 2563 5729 7605 9755 6736 4381 2650 2182 5641 1112 5813 8083 4091 
26 622 8699 4673 2934 3026 2741 8353 5701 5426 8500 8952 350 4515 5804 613 5166 5479 8525 609 5742 7559 3128 4308 7751 424 2586 
30 6228 1406 2657 2881 9116 992 2119 2076 9763 2042 4369 3813 9674 8922 4526 1775 2028 5492 9603 4447 9898 9676 5407 9971 2914 3113 2138 796 59 8217 
20 4143 7612 1689 3108 1252 1465 7208 7284 2043 9444 5292 9943 634 4289 5255 2889 7089 6428 2709 5202 
18 541 6493 9495 9349 8378 3173 501 4486 3377 2213 3709 9122 891 8924 4702 1129 8433 6060 
27 5885 7575 1700 3753 9490 26 4316 9331 8360 3521 5522 8651 5288 6229 7128 7596 7841 8781 6592 1759 5836 3460 8910 1288 8429 3134 2055 
31 3988 3236 4910 6003 8991 5433 9737 6971 147 6416 3509 6883 3967 4055 3404 6602 1850 5396 5360 7969 359 2162 7031 7625 764 2372 2251 4563 762 2492 7601 
20 6115 7325 1942 5191 4388 3763 9682 6755 4336 1056 2800 1858 3273 7055 7283 8696 8174 6112 3853 4320 
18 4150 3170 9869 9680 7668 6034 3338 4006 9038 3824 9017 1659 4287 5683 4052 8404 6087 9227 
23 4637 3384 6765 3554 7190 5263 3117 2128 584 6610 1029 5326 2263 1214 6557 6887 7827 7878 9746 60 4172 1064 5900 
17 8962 3029 1177 4602 9100 1880 678 503 4500 8604 7157 3248 7669 8602 948 1892 247 
14 2869 2006 1959 4020 6969 6380 8303 8553 5261 1788 3492 3041 3111 4186 
33 24 5743 1142 3921 5678 2900 4713 2240 3258 7564 7370 281 9328 1464 3894 3115 5919 2068 8844 2687 4835 5110 7908 8744 2891 1877 4596 4859 2564 1938 7977 2007 5586 
17 3654 6484 1772 5512 2311 2269 8732 2222 2666 9726 2488 6074 9301 9210 5294 2618 4955 
30 7952 6851 4867 4482 7494 4123 5994 4699 1480 3986 6451 8428 9302 7062 8833 4032 4712 9111 760 6309 346 3427 3219 9339 4303 6941 2679 7069 6919 8301 
29 372 7198 7248 7572 2261 7246 9617 7282 7216 3623 3735 777 9800 754 8108 8264 1322 9423 4210 6869 8944 9791 2481 1362 5867 9608 9146 7586 7467 
24 961 1605 5393 6307 2399 6128 2639 3789 3721 7276 3418 2053 8067 5585 2514 2890 6010 3934 2759 9540 5846 8948 8308 8552 
26 6541 9805 1240 6856 2799 1245 7278 8970 1644 3909 5123 7793 7866 7796 7651 4698 8539 9868 3809 8454 9223 3797 4445 4295 5876 4432 
28 2559 5227 8715 4920 9757 3398 4007 767 374 1595 5009 9632 7078 310 5249 9293 8936 4238 4952 6100 4294 2853 6302 8683 2326 5855 2449 8120 
28 9799 9733 8055 2642 9705 6503 4585 1686 896 1109 353 458 6677 4832 7909 3283 9125 2795 6489 5246 9260 6096 4735 6052 3858 9635 8163 5174 
16 920 7948 4623 5520 9435 7725 687 5194 9500 5752 6520 1077 7863 7968 3892 1247 
29 4894 2424 627 1697 5777 7442 2041 9037 8973 9234 7466 523 137 880 5880 8748 6281 3856 4874 8738 2285 3481 6037 4837 9398 4721 4401 3745 1190 
20 5424 7709 9920 439 3906 6537 9364 6716 2969 8229 1922 8903 6738 8439 8233 1578 7480 7482 410 7115 
22 3578 6647 2057 10 2501 78 72 2793 450 1409 1451 5111 358 8287 2195 468 143 755 2703 6958 3255 7766 
22 1135 1081 8649 2478 1519 4512 5271 1485 7706 3927 6687 6668 6084 8053 4545 3633 4408 2683 4393 7311 7410 224 
31 3555 7293 3104 3105 4202 4029 5830 9833 2220 9082 7712 7949 1771 8916 1328 6772 9880 186 3178 1707 4373 2575 3552 7348 9692 1726 3327 1141 749 9938 1722 
21 9550 5503 6832 5099 4787 5725 7967 2319 8960 692 6581 3796 1999 9400 5789 4176 1329 4719 5067 648 1547 
36 1005 7512 1223 2112 3477 6597 7187 9228 9370 7422 280 319 320 1320 9292 4368 8673 7285 841 6754 3387 8286 7890 7247 264 1927 9590 1366 5932 7869 5942 1120 9793 5825 9829 2225 
28 222 8630 902 9011 6141 1365 9265 5087 7037 3790 5134 3593 8693 3351 3832 8281 3935 7238 888 8388 1268 1936 8132 1507 1665 1118 8538 5891 
25 1040 499 1346 9208 6684 6231 6366 5061 3241 2159 2431 361 8076 5687 7322 5330 132 1107 8756 4416 1801 7369 2594 1015 6795 
21 375 2143 7236 9109 5091 196 8077 1632 3144 1950 574 5820 5030 1242 5095 6358 1619 7165 9369 1962 7472 
28 4307 477 9627 6255 9254 1201 1430 6618 3657 7339 5878 8186 9219 3767 8599 6528 7852 2416 3109 4956 236 5750 911 5065 1425 5604 5408 4865 
25 9449 211 1475 1048 3859 536 395 582 5171 8437 7521 9933 3332 8215 7747 4480 4193 8626 6872 3260 5209 5311 5591 6470 343 
31 6198 5500 9631 1580 9182 660 4017 8243 6460 5608 6793 2375 4009 2116 8415 1854 1824 814 2012 7855 5149 4118 8643 2824 4402 9502 4181 937 2329 4311 5063 
22 9675 3579 1530 2539 7567 2577 9497 1181 7761 2415 2122 6864 4499 3672 492 96 101 2628 756 8156 2922 4891 
25 8329 8774 5699 1963 146 8403 9742 369 883 8664 7194 1747 4457 3222 6583 1717 2707 7963 2302 4994 7087 7163 432 5790 6288 
27 3371 5744 6756 9830 7870 9795 7211 7692 1537 7456 9133 1912 3466 5250 5210 7147 28 9695 5414 6516 9599 4542 9585 5760 431 4185 1931 
30 3855 3651 9543 780 4137 559 3513 8694 969 3946 5998 3799 9322 5268 8470 5072 1670 2739 4478 4771 9883 3668 373 1216 1954 602 5978 898 9918 638 
21 7040 8736 493 6012 1685 2771 8595 6081 934 4800 4449 6345 2534 3610 2535 5389 9278 2887 4385 8106 4319 
37 6695 7186 2626 3786 8434 5732 5662 9576 5579 4327 9812 542 9980 6103 8446 1461 5039 7672 8749 1154 806 8143 9629 8676 8927 9807 8592 7623 1520 4812 4484 562 7395 1479 5443 3518 4177 
22 7913 506 6962 1282 9644 7341 7483 3487 8107 7800 7897 6299 8162 3711 5873 3243 8180 8295 899 5551 3836 1359 
22 117 9935 6168 839 9613 5601 3949 5400 711 3754 6681 5519 2154 7645 5139 9824 8805 7803 5688 6348 8884 1705 
30 8703 6740 1843 3615 5036 4021 6274 3930 4249 4104 2931 8692 6262 7018 7076 3331 6174 941 2772 1155 9315 5200 8769 3407 2529 4610 8411 3571 1909 3749 
29 4948 3058 8854 3958 5088 1583 4045 8780 4634 5959 7594 9934 6378 126 3416 1277 6679 6803 8015 7661 7675 5109 4240 3177 5784 4504 7859 7376 9097 
26 9140 6155 3833 1845 7665 64 5045 2108 7301 6268 7822 1679 8481 4851 7237 1275 9848 8283 5525 4262 8528 5059 5467 2286 2227 6453 
29 5769 5858 8803 9164 5650 5660 1325 8413 7493 1924 4087 5801 5117 3686 3495 3511 5506 2027 5333 2226 2022 9995 1241 1426 6616 4310 9461 1718 1139 
27 3444 2166 4665 8915 9071 6705 9392 189 5684 5386 8063 6974 5872 8881 9748 8946 884 9728 5528 2392 140 9689 792 2593 3838 4553 3643 
33 9325 9246 6450 498 381 853 1738 8506 5356 7334 4111 6696 683 4044 1236 3508 5882 5611 6827 4334 3383 6626 6646 5488 8408 8514 4774 9986 58 3304 4 6113 1948 
26 6831 7451 4794 419 9549 8128 475 9242 9846 9156 9288 599 7122 8475 139 25 3382 8394 3324 7523 9147 3576 9747 2610 1522 9117 
25 273 1384 6164 4299 5347 6023 7730 867 121 2374 2402 2383 8383 4365 8549 1140 331 1754 6194 6417 2080 7888 31 9711 321 
30 4855 8489 7768 4246 9557 8955 1281 704 9731 8827 1391 2393 2052 2370 9270 134 1450 2197 8048 7408 7233 7126 8964 9719 9013 4861 131 1586 5046 9970 
7 2384 4331 5444 7015 5787 3984 5108 
13 7401 1170 5990 277 326 1399 4353 22 6996 2528 1157 8374 8113 
30 7561 1955 98 9018 2033 1152 2706 9284 5451 9441 6921 4340 6820 6629 6733 6798 4521 6014 1388 752 5898 8561 2779 8949 6702 6534 3529 6944 3928 5265 
18 7929 7346 2059 4117 7381 8988 3121 4073 7529 836 1132 1740 4974 8280 2733 2553 3491 2879 
35 4618 7064 2357 8892 8146 3740 9171 6346 4384 6188 5465 865 9160 9785 7259 9767 6122 9630 2721 1262 7327 9039 9312 2403 1712 2066 460 4922 2625 650 4054 2423 7424 7881 6997 
19 4058 8848 4080 4629 6871 3770 6163 1376 232 7703 7895 5912 2131 4434 6195 1802 2211 4339 9517 
34 5086 6485 1100 9586 3220 2781 5853 3482 674 4278 1297 7592 3584 6301 3269 3977 357 7788 8931 2834 1750 8845 8972 5518 3831 6022 2194 1184 1991 4728 1570 5058 8001 7404 
20 2061 1593 245 5285 57 3453 6133 5457 9027 7613 9114 3844 4932 9245 7910 1360 5151 2165 7458 1261 
27 2316 1227 5332 7682 6868 6253 3534 8745 9237 260 5575 9870 7974 1187 7930 917 8443 6233 6232 7589 1021 3872 259 360 5874 805 8957 
28 6807 6735 7086 6000 378 6078 494 4195 2388 8014 4062 8026 816 9994 1590 6833 2144 2749 8200 4501 1890 2380 4548 229 1336 3298 5232 2597 
21 9888 567 5060 5517 9487 2036 5783 7847 7411 8719 1264 6459 4442 6509 8697 8930 9802 2484 3096 9803 8838 
35 6916 3655 9078 6069 1 9375 7239 3648 6393 5211 4125 2526 3470 3251 405 3009 694 7886 7786 7995 1457 2471 8754 6623 2092 8752 9887 5162 4968 2730 6461 2456 3860 3064 5571 
19 8670 9962 2850 9183 9902 8390 7072 6636 7656 2476 3125 4462 6761 5657 5248 7563 6569 6073 5682 
18 8758 977 3675 3086 1591 2700 9489 6091 7306 9907 6214 7170 5207 4516 598 4220 5390 4120 
22 5860 3527 3354 3411 6474 3807 233 5835 202 9983 4777 3 9571 5597 9914 5677 3015 2985 9997 3781 4606 6260 
30 768 2518 8937 6251 4617 8038 5188 1199 338 7090 6891 8842 3446 5655 5195 2102 5448 335 7695 3355 717 7358 9777 4391 1158 7427 1350 6322 7356 8122 
13 9679 8227 1220 8359 385 7250 471 9518 6370 6611 6427 8000 9220 
22 563 7438 463 3031 9908 866 1534 6778 4323 5093 2876 4001 7961 1092 8365 270 3941 3932 3705 662 3857 8377 
27 3167 8323 7574 4657 9712 552 2320 5603 2270 4653 8312 402 8134 7647 5582 8031 1953 5625 5975 8734 182 3978 7202 2767 1581 7017 2509 
21 8950 41 6021 8192 1004 1411 693 528 1237 3198 336 6354 5781 1542 5146 9555 1641 8925 2157 8078 7460 
24 9409 3540 5829 4914 6272 2394 4477 8782 352 6106 1448 2063 8431 8576 183 4468 6175 3361 7578 1730 3467 7775 4321 3870 
21 5300 1024 4815 665 2686 4544 6313 5279 6587 3901 5941 5635 1840 4002 7009 4941 8196 8724 4996 1939 1510 
28 5235 8458 1030 6186 4115 2464 2105 6896 6066 9272 8296 2612 2179 5380 1946 8571 9194 4524 1249 7105 3890 6826 4633 9340 6323 9196 2300 1646 
29 6663 7687 2523 3632 5351 100 8529 9889 7387 4270 9912 2174 6751 8125 9998 8974 2506 3212 5484 1743 7528 4039 7155 5807 8900 2638 3367 1669 5697 
35 8477 1372 5487 1995 8285 8747 1910 2473 8804 1864 2314 3843 8533 6848 893 736 8291 8750 2990 8250 3567 5217 8006 3582 2199 5363 7979 5223 411 2747 3422 5150 1602 8098 1134 
24 3307 3608 6270 3673 9592 5163 6064 9722 9658 4173 3437 1025 2030 4513 9367 5378 8568 7850 810 7606 5395 1148 3791 1088 
24 1776 5698 9696 9289 415 2044 930 8981 8407 1532 8160 852 4692 5785 9185 2486 647 9905 1517 1379 712 8581 2814 3402 
26 7499 5971 206 4807 1949 8882 1968 990 8667 7501 8366 6165 1027 9181 6651 3472 5740 6236 1848 1662 6631 5735 5737 2457 5666 9329 
29 3549 7129 9666 9385 8614 7759 772 2790 6930 3751 6203 2504 3316 2139 257 7860 4097 4004 1621 9989 2701 8977 1258 51 9875 7744 5811 3718 3478 
30 8708 9402 4980 2216 2409 2654 2505 106 8645 7794 9823 8491 576 7547 4518 6513 1964 4804 7385 487 735 1610 1766 4680 1694 1849 8341 8488 2698 4013 
25 606 6662 4661 6942 1550 9042 5799 6089 9070 8075 3157 1176 4014 4121 7972 3545 4436 4672 2349 6477 2252 4976 6881 2032 2664 
21 4071 2512 4863 7934 5228 4880 7171 6283 6593 3305 1561 2468 8721 1876 9941 4471 5893 7784 7649 3589 2163 
25 5717 6208 7152 2377 8485 2156 30 8746 6104 8547 1037 7403 9732 2672 2232 9903 9468 3944 5776 307 6032 5937 6258 2410 6063 
22 519 7188 8425 9459 5033 7106 877 2451 3004 6666 5355 5206 6797 8255 8418 3837 8275 5362 7831 980 5029 8700 
20 769 2738 5510 3773 8464 2180 1565 444 3829 3469 3231 484 2933 6447 6863 7497 2995 2584 9723 4580 
32 7957 7471 2401 3739 9949 9684 7555 8809 9881 3845 3328 6888 7132 2955 2231 5168 1057 4360 824 8776 8914 7671 8658 2472 6701 7983 7964 3677 9850 8897 6595 6185 
21 6706 1973 7882 8237 8598 2945 8492 174 3074 5297 5454 7593 4589 4908 5242 5044 3871 6093 7537 6819 5672 
34 2917 8376 5425 5212 5303 8831 7203 2480 2115 9911 3044 9694 2417 8911 1756 3902 5233 1357 7582 9704 8473 8003 9966 9663 7029 7688 2775 5121 4700 3641 7834 4909 9860 1558 
28 6381 1635 1002 8367 7562 1429 8864 5372 7987 412 4487 7626 4746 214 1827 963 3805 4900 7304 1091 9580 4743 6895 6317 188 5647 6492 8847 
21 311 1529 8901 8343 2084 370 1171 8427 7302 5339 3059 5078 8457 8634 4627 1478 5096 4995 5147 9818 5538 
16 4758 5237 825 3842 5593 3530 2921 1368 7809 3142 5706 923 5560 4554 5854 5471 
22 1867 726 6029 9769 656 7232 4643 2482 9546 9564 6956 3685 3230 9378 9218 4234 2873 3523 5199 4949 1495 3043 
23 5324 3409 8902 9947 7444 6243 6184 4547 7189 3700 6372 505 7003 3440 3297 3175 644 7676 5138 845 6533 2203 9472 
20 1138 8104 6125 5240 6825 7425 8869 1299 6566 1934 9368 5556 5083 2994 5904 9335 2991 8596 7390 6350 
24 4059 7889 1421 8219 1797 1319 1104 2437 9894 1291 985 9170 2590 8875 2860 5365 6723 7989 8223 1467 6788 7350 8641 5173 
21 9305 6123 2788 3068 7000 5291 531 3940 6544 1031 9047 9236 4783 7980 345 2460 8130 9189 6676 9560 3588 
25 3817 1447 2426 3603 3375 4520 5298 2804 680 9593 1075 8304 2413 7543 1839 4946 3246 9124 1893 4363 5731 9120 3126 2411 8210 
29 2883 4885 4196 4349 6567 9064 7856 403 8245 9526 7407 5176 6452 1047 6574 1682 2943 2365 2378 6169 3516 6369 6792 6343 2013 8508 1115 2862 939 
26 1105 2754 2035 716 7488 7305 9221 5583 3907 5537 7944 545 7875 220 1996 9050 7767 7828 8765 1380 9922 5895 5536 7943 6721 9766 
19 5445 5491 150 8419 5511 6615 7110 7266 1851 5496 71 6599 7756 8663 8923 9775 1093 2271 5841 
27 4679 7883 4857 3811 9300 3963 3772 5314 8906 1649 9348 50 4801 5568 4438 6432 4239 9040 4380 8092 4161 5812 9169 2224 1576 6853 2724 
16 7070 3990 5090 3936 3421 3536 1597 3939 1749 6906 2214 4201 5573 3040 6521 3586 
33 6815 9347 5189 718 9562 4493 2745 7113 3505 2366 2089 7750 5004 5600 2443 4464 7871 3483 2524 5840 4822 4192 4142 3350 3084 429 4928 3995 6979 4723 3400 3185 8019 
17 6901 8792 9524 4887 7384 5164 9342 9982 2811 7308 5834 99 7051 763 4641 4951 3880 
34 5934 7180 2230 1276 135 9804 2060 2831 9263 1725 8956 1051 6134 4654 2332 8516 6861 8958 2190 8495 1164 5007 6054 2895 628 1089 4598 3515 5276 9601 6007 6715 1341 8947 
13 203 993 3573 9231 4970 1933 9431 5906 9605 773 5075 1019 1569 
18 6277 7108 3051 4989 5481 3308 5473 9534 3494 4993 3359 996 7124 6511 7997 9693 4134 5859 
23 7936 3885 8263 5995 6904 2601 4329 4454 6400 1505 1243 9932 3889 9036 479 6341 8451 5003 1497 5159 8519 5398 7223 
31 713 400 5205 4686 3566 6399 9561 7576 4206 4532 819 3463 9085 592 386 6020 5421 9506 195 1618 2283 7258 8570 5177 8577 7300 6448 8891 5485 3656 557 
27 3090 1492 368 8116 6838 1431 6406 1921 6038 7790 2768 3391 1989 5921 6225 5530 4961 5612 3192 3071 1173 8503 4927 1958 9811 1254 7161 
32 7861 4781 3067 7546 3717 2333 9610 8191 4034 120 2045 6659 1589 3211 9362 2438 6488 8590 1468 7402 2358 9686 1990 3662 6506 9310 6640 9999 1367 5659 3688 5293 
25 2720 7114 6875 9104 3840 5352 1239 4798 4441 2407 5709 285 5041 6312 4997 2039 914 8672 9515 6936 6876 4424 8674 1306 464 
24 9514 1438 4223 6410 5955 9314 5584 3124 7642 6279 4828 3507 3127 5042 90 103 940 7047 2003 1554 5542 6524 5886 6045 
13 8890 4888 8725 1525 4663 5220 7061 8466 1014 7409 5057 9577 6650 
35 6689 5027 9166 2026 6836 3602 6742 5779 6985 292 5866 775 4858 5550 6179 808 3854 9240 4625 37 5734 5925 7723 6811 8248 8886 1704 9760 2262 8929 9467 1488 4018 675 2508 
14 8731 842 4112 975 2425 9657 4615 8597 1817 6982 3001 7295 4557 8232 
29 1273 4706 9320 9845 2132 4749 6762 74 9248 1896 6056 4072 83 2452 3145 1342 7820 5383 2334 3344 5736 1713 7694 2976 4813 3180 3987 2172 4158 
19 8518 2942 8629 1970 1508 5344 7066 2467 8339 2938 8551 3959 8601 8325 4565 7917 3827 1998 1418 
15 423 3708 751 6885 862 4167 1800 9779 3447 2939 3485 3942 7154 3665 3975 
27 700 4648 7102 6764 6173 159 81 9612 550 8326 9205 495 6308 8314 2582 3412 9204 207 5190 1484 9921 8369 7008 5413 1084 9831 231 
23 4742 3049 315 565 8088 5610 6790 3336 3878 1906 7056 9261 3852 9551 3309 3037 5673 5489 2307 6177 8648 2608 2243 
25 2015 5756 249 8928 1428 8345 282 1310 8524 3613 7556 7388 7854 9161 5403 1577 860 6796 9007 1482 2521 436 4731 2656 8718 
26 2247 8277 6711 5957 7337 5069 6639 4356 2290 1716 1541 538 1907 5023 1217 2325 4903 9269 7619 80 4187 1623 1737 9063 4417 3652 
34 9003 7891 9628 3319 2600 6927 8176 1189 1937 8631 3731 2040 6157 2863 274 728 1058 8565 6620 1224 9009 2988 4849 1405 2487 7514 6472 4431 5935 8352 3819 4905 5494 5318 
15 4601 2297 6119 2547 355 93 9358 1555 9969 5447 1549 9648 4811 5436 4716 
26 1097 5387 2784 6741 4507 4405 1349 9062 7048 1179 9226 2248 4734 8605 5258 9285 9501 4599 8942 4551 5617 9596 9198 5434 7235 3021 
34 3055 5654 1904 5182 2635 6703 6182 3215 7118 1062 3867 799 1748 5306 7630 3473 9774 2632 6948 7839 6561 4514 2459 3151 6918 3363 2120 5974 8144 1899 8849 8385 2238 4281 
29 5192 1874 1557 7907 7532 5879 272 9513 4768 1905 9739 3982 253 6314 9786 8002 9034 9892 7022 4271 6688 5924 6183 8579 5894 3931 4649 1472 722 
21 6263 4208 6202 95 7698 6076 4607 9151 6367 4302 9074 4019 8826 3556 5999 3292 9384 4469 7545 1114 1929 
35 9563 5890 7243 5566 9871 32 2140 7840 85 3098 3839 1521 508 2192 3782 9298 8534 6730 1513 6105 6387 7720 7201 9522 3164 75 5085 5236 7059 8919 1728 8391 6576 9721 3985 
16 1305 3197 8370 3544 9954 6238 7486 4576 1691 1445 8114 8707 4977 443 8430 1410 
31 9619 2791 2681 332 511 8609 5169 7769 9741 2630 4470 3356 527 1870 7707 7939 5722 2294 9708 8399 8531 5103 7264 1442 5791 2925 5130 9792 4451 7011 4268 
32 549 3891 318 8059 5267 595 9481 382 6757 9789 3450 9299 490 2561 3256 3962 2719 5183 5739 2389 5741 7439 2155 9445 5774 4751 3056 3250 8380 1191 3012 2840 
25 4494 8462 8351 3614 6491 8017 3182 9462 4237 9239 3448 3917 8469 5947 7030 9662 2069 3835 7359 5521 8797 4149 2152 7131 3812 
27 6822 2538 3910 5711 9118 3345 6172 659 7915 1330 215 7120 8741 4582 9816 3748 3979 1604 4276 6027 5950 4362 2387 8483 1915 6435 3638 
19 672 9090 9813 8410 9702 6809 5409 8860 2809 1045 8815 6857 1339 3916 804 4530 1837 9876 6 
20 5693 6804 7876 6645 2077 9262 4027 9421 1763 1917 1760 8005 2743 2136 2301 5439 9749 2880 4911 8022 
22 3442 3329 7648 4011 2966 3392 7588 1976 6697 4831 4572 4945 4889 3171 3118 9149 4763 6300 5431 9025 1951 5821 
22 4090 2293 2782 2167 7464 7197 5353 7650 581 6117 8161 8778 6072 6284 7473 593 8467 1582 4354 3520 8622 1559 
31 7657 8566 8448 5477 7685 1693 3435 1453 6946 5514 2184 1188 4085 7149 5464 3123 239 7192 7635 305 7333 621 8041 9893 7634 7485 5960 2827 251 1230 1009 
30 7429 5358 9316 1908 9450 2952 9202 4605 6698 9928 2107 4853 1292 7940 5340 5529 6325 1727 1974 2522 3590 8135 1083 4110 5989 9414 3020 2704 9359 8331 
33 9084 9965 3066 3666 6739 9457 5628 5374 7150 9950 7654 2835 3282 4290 5032 5810 4382 9930 6469 9946 3214 5607 4765 3320 7367 5321 8355 1868 2764 7035 7906 1614 8350 
24 2735 6139 8739 4761 2992 9179 5690 1143 2264 4092 999 3330 7371 3091 6328 5997 5940 4931 5129 8501 4769 5623 2376 2208 
25 9752 739 4833 3188 7737 7579 3194 9381 8998 7221 8148 7525 9321 5786 6774 9697 184 3195 7362 9032 1825 5435 5883 7985 1923 
21 8878 497 4274 1338 8099 5909 1822 9366 4265 6264 2712 5132 1856 9093 3642 4361 9257 844 3742 7824 9304 
27 9847 4959 7355 1441 3997 3752 4608 3340 9583 4890 9193 4621 6286 309 1423 9053 2317 9352 3954 4095 8899 7338 6287 488 7219 6911 7641 
23 5497 696 7347 2613 342 4074 8126 9758 6682 5862 4280 9665 2615 7868 4755 620 725 526 4375 8893 6627 6481 6152 
21 3607 1630 7804 2797 6726 8935 1387 5350 801 6928 6131 2499 5759 2101 1347 8409 4864 6817 1213 3014 392 
14 4379 3368 2031 9681 3778 3729 7857 9716 2532 5778 5675 6686 9206 2818 
25 9976 109 1734 4836 2927 8652 9132 3646 9817 9482 4456 8793 9022 7718 7265 5851 4333 2428 4169 1039 8837 9600 5581 4883 3887 
15 2465 666 3539 7021 4917 8465 6371 6330 2188 4174 6844 1452 7742 170 9172 
17 9913 6563 6657 7573 7843 4209 4539 67 9671 2175 7100 3568 1932 2254 5513 7522 1150 
26 9707 7320 6053 69 9625 9819 4485 6570 5437 847 7415 1198 6839 6519 6743 2633 4093 5475 6776 7071 8753 3823 9991 2265 440 8740 
17 9504 3165 863 2299 3152 8121 2894 340 5115 237 3996 5461 1490 1594 8152 6147 437 
34 9393 4428 9191 7975 8338 4830 4291 5674 9035 6589 2556 5567 9611 8620 1810 8624 3154 1130 453 1882 1538 1611 2832 3649 2328 5946 4131 1506 9854 2815 7489 9383 8327 5646 
14 9313 9463 9640 9483 5441 5796 2005 8441 3983 6998 5545 7436 8594 1378 
24 9256 9511 3465 7271 4802 5523 4033 1914 9152 8246 4631 7982 5416 9258 7023 995 7261 3488 7603 4189 6051 6433 472 4241 
19 8773 7135 912 2805 8997 1340 4345 9021 4166 2549 5319 8859 7144 1795 6621 2259 302 8363 2964 
34 8640 328 4421 448 9620 3054 3802 8737 115 5160 6932 52 2557 7918 2859 8933 173 8873 8335 198 3519 4827 6500 4991 2968 2503 8834 6445 2170 4203 329 1207 136 3883 
33 8310 6404 3601 1218 1777 6402 2209 4819 9054 9624 3454 4562 2153 7615 77 1253 8381 2093 5257 5203 551 3834 1744 8256 9008 9873 5544 623 6693 4157 8372 9311 3289 
21 8292 864 5377 8155 4709 6737 7691 2796 8450 8253 8258 7919 9529 4972 7826 1600 3287 16 3923 6978 1562 
25 8175 2589 9469 9485 2245 2731 2207 7777 3227 9822 9623 6190 7217 6935 3581 6487 68 2746 4129 2450 2877 401 9507 3480 7049 
27 7965 8149 6924 965 7666 4050 7787 1835 9475 1494 5382 118 3499 7924 2241 1844 8822 2826 603 5843 7981 4422 6335 5316 900 679 9569 
30 7956 9503 7085 3680 8530 9199 1846 3373 3896 6907 7474 1692 8494 6987 8027 3436 6290 6810 4590 733 859 2445 6759 9203 8684 9266 7136 1195 7899 3631 
27 7928 2899 1564 3605 4658 6886 7816 244 5910 1466 6699 7502 7701 8545 9917 1235 2414 8512 1671 8436 641 8455 6496 7611 1408 5361 9638 
23 7475 9046 8426 9744 1729 8421 1613 252 454 7727 9810 133 8212 7091 7094 1796 3088 2454 9984 1698 5652 3611 3994 
25 7463 8024 5307 1601 1232 8761 5844 9652 1799 7920 6223 5092 1702 7046 7735 8863 7273 2354 850 1678 2149 1007 8315 1284 5348 
21 7399 5089 7373 9492 9761 1369 2675 9424 9377 6171 9437 4933 192 8472 1571 6673 9660 5269 690 7042 3386 
24 7270 8504 8023 5901 5670 2614 8705 4947 9863 8763 6431 8241 6564 9076 7774 8759 5928 8507 6334 5964 7166 1865 3218 4374 
29 7109 1386 3793 3981 2948 4564 4426 7587 9498 744 7016 3010 1502 6802 4684 2420 7844 7851 87 466 8625 7074 8364 3644 8858 5388 2221 1055 3032 
17 7013 1422 7368 9727 3130 5098 262 8392 2331 426 7038 5676 7290 8943 1969 8265 7533 
19 7005 6877 502 8791 8034 3818 8876 4400 9019 1981 2947 7177 53 6033 9958 9386 6860 8727 3415 
12 6783 3358 9604 8334 1781 4710 4614 3628 2494 5590 7632 3637 
32 6670 8459 9012 6409 2916 225 5124 5405 286 8662 2901 1911 1681 776 4489 6396 414 2186 6490 7160 7449 5468 4708 8349 3678 5961 5272 1636 3792 6158 1823 8147 
20 6466 7140 3196 2711 8198 2056 8071 8562 8779 5870 7760 8537 2046 1903 4399 9656 8452 9589 295 8154 
25 6412 6377 2386 1819 5122 1402 5184 2644 1567 3553 2545 7541 8668 162 287 3089 6852 5842 2014 9309 6285 4540 3172 1137 4750 
32 6403 3047 377 5770 1584 1598 2229 4711 399 639 6712 6983 6897 6205 8729 4076 7504 1017 2085 5832 1957 6972 8206 6508 3033 4283 5669 438 1972 8654 5125 3617 
23 6252 9341 3691 8182 8814 5794 5694 8593 2204 1782 1446 4370 3639 1894 8660 5038 6049 2070 7307 1751 1966 6210 8131 
19 6031 9464 1660 1820 76 7754 2599 3689 3072 9086 8317 1477 7923 2496 1413 9041 9098 1546 5239 
21 6002 6502 2736 9388 2956 6129 2682 8828 8846 6395 2953 2363 3179 3254 8321 2145 3035 2961 6664 778 2273 
30 5970 3294 2511 4848 6634 2181 881 2173 9566 2565 1891 7392 670 3661 1624 8811 1314 8513 5763 2405 4051 2872 2750 2369 8389 3914 4383 540 6365 9281 
22 5868 4184 6316 4411 4884 1307 2340 9661 786 7753 3000 8623 2081 7667 3937 5142 1437 869 1356 8 7001 8319 
20 5440 9864 9579 7984 6596 7389 3846 8646 1283 1753 2017 9080 4902 4452 1789 9961 6254 4116 7519 3207 
24 5335 8965 7548 5301 5155 3501 2715 9142 4217 8153 1289 983 3598 6362 5053 2083 6890 3744 5644 308 8183 2133 1579 1001 
28 5299 1860 7255 8766 8768 2751 7715 3992 3277 8169 3399 9162 1885 1053 9327 1650 1780 1975 9618 5707 2723 5897 9391 4474 9787 2592 2819 5504 
24 5137 6729 3394 5462 9141 6619 724 3877 916 4912 8115 470 7932 8522 2699 3771 6050 7992 4183 1144 8836 3310 8278 7713 
31 5018 3918 4537 6296 2973 3783 2000 7732 6805 5260 4924 3075 3443 3077 3428 8177 6609 8621 7999 6130 3738 8526 4740 5430 4612 9365 5281 1133 70 4695 1439 
17 4839 4873 3424 4717 4366 5201 2034 936 2390 4136 9547 8165 5968 6929 4820 3724 4124 
19 4525 1883 699 530 5017 2825 1381 7045 2109 6187 6552 547 9275 3525 7591 9360 2624 5865 465 
22 4435 442 856 832 9429 3290 5553 6963 6176 4982 8294 9621 2183 6837 3209 2146 9525 8762 5685 2908 9650 7733 
20 4377 3257 1267 7172 6398 3468 9809 9963 5632 4159 897 6391 7142 9103 3141 7510 5969 496 3861 2421 
24 4309 789 1640 6357 8642 4958 6237 7453 7148 6318 9318 1358 7360 569 9535 6976 7159 2822 4180 5368 9637 7123 1082 8414 
30 4094 6654 2520 5282 1111 4595 5837 8585 3798 5323 7894 8097 612 1741 2851 5052 3960 723 6276 3956 8202 2792 8499 3143 8867 7618 2253 82 2408 3380 
34 4078 2963 9045 9654 1222 3366 4913 1211 4105 8987 4722 2498 7440 7220 4906 1832 4852 5728 7797 5524 7345 632 7060 2127 7658 4151 9417 4466 3322 4896 4390 9215 8898 8874 
22 4008 1637 3951 873 6336 6909 3710 2769 3606 3186 5651 4979 2364 333 1463 9572 2150 8047 3600 5896 910 8556 
22 3869 8435 7631 3191 5656 2217 6280 2355 4398 1620 1872 1752 7926 1897 1842 5992 2777 875 9597 1696 6753 8982 
26 3696 9527 6161 6562 4472 6920 1499 5308 8049 4647 1444 4870 8170 7973 868 2018 9173 651 7431 8934 9280 1680 7673 8211 5508 3618 
25 3629 6199 1778 5241 5302 4566 9155 3267 5364 7125 2237 154 2619 9895 2255 2306 5081 8269 8716 2353 176 7026 9764 3069 9326 
12 3580 3849 306 9837 4359 3682 8297 6256 2951 6606 6603 4538 
22 3253 9306 8784 6475 9180 1553 3532 636 4561 6591 7552 7121 2616 5412 4022 1085 4998 349 1301 3780 5714 1318 
18 3156 4260 4467 4862 2548 9734 1695 8591 9079 5852 6947 8478 6154 5574 1238 6166 6143 7374 
30 2949 7210 5120 5892 8575 8035 9394 7169 2515 6865 5101 1603 3592 2923 8344 7531 7417 701 3136 4817 1687 2668 2347 1708 9891 2604 2993 5753 1699 9915 
29 2920 3245 4352 376 4347 6156 9992 8072 779 1967 6240 3595 7819 4919 8669 1920 1806 1449 3060 6632 1162 6964 747 8333 4780 7530 5296 9878 1006 
26 2695 5954 4869 9065 4593 4636 5526 6319 1317 4747 1501 2684 1382 5963 813 2239 9588 7244 4465 1185 6311 4570 5342 5455 4160 3120 
14 2581 1311 9026 5313 8299 997 5000 2757 6545 9344 7655 4668 4476 7058 
30 2571 7156 5006 8588 846 6966 8167 178 5702 5915 3895 516 5394 9754 5262 7570 684 6855 5456 7815 3517 2427 6781 5178 788 9010 2806 4897 263 2897 
27 2519 8029 1524 1792 4652 4171 5043 6062 8851 2541 894 4681 7598 7674 5905 63 1036 3087 3187 7241 7540 9642 469 3741 906 5415 9380 
20 2432 7435 5856 3541 3083 5668 2323 9710 4099 5193 2558 9073 6114 8064 6423 6785 8817 6565 7206 6535 
29 2356 8073 8823 4481 2919 9177 5310 4776 4113 9106 7222 8007 2808 695 9919 473 4535 3919 2256 1606 9471 6351 5618 6899 8635 6401 1617 2669 8337 
29 2135 7553 8382 7196 7663 7988 1259 2025 3722 7842 3065 3300 5320 9425 3704 7590 5680 1616 5275 8032 8639 5613 4458 5399 6207 7303 8612 6271 8543 
33 2009 8548 6360 2497 8085 8995 8118 6213 2291 1110 8686 7176 2086 2021 4264 2580 9163 3266 2398 3980 9295 787 6162 5802 8322 5726 4814 289 204 3676 9909 9176 9430 
32 1992 6455 3200 4028 2997 5422 4541 2187 2602 6331 4944 9701 3278 5527 216 6970 4881 4715 4739 3503 2088 9453 750 6092 8276 8036 1149 1202 3349 3378 298 9770 
25 1900 7020 3779 6903 9130 127 9655 3203 4969 9238 6800 9838 6866 2694 1383 2344 9112 7962 1769 2177 9404 341 3945 18 3825 
17 1757 9452 457 6352 3119 907 9836 4528 3847 155 9725 7291 6980 1205 2849 6018 7391 
37 1560 9768 9575 7382 354 7912 6422 2753 3261 7604 2054 4046 7366 959 6235 11 1767 3027 9091 4915 4762 2871 8905 3223 7607 418 9016 323 246 4556 4226 13 9387 4296 2322 8087 8582 
31 1543 5113 5466 3512 9634 4372 2696 8190 9952 4491 5933 5630 4394 4701 9351 366 7599 9821 5984 3736 3881 6145 1032 4999 3504 3882 3868 7938 2998 7568 5953 
37 1515 5746 5771 655 4733 7034 8236 3636 1352 2578 7309 1779 193 1531 6905 5256 6211 793 3925 151 6116 6298 8442 6590 4122 9788 1397 4427 5028 882 4726 5469 4083 2886 4364 3042 2463 
17 1335 9473 2957 9944 3193 5914 3174 2861 3489 5080 738 4026 6704 3713 9924 820 9782 
24 1315 6110 3865 7557 6523 8037 8938 5951 7837 715 5001 387 384 3339 8986 6006 5747 4191 6691 6497 1807 9530 2094 3204 
31 1209 6150 428 7994 5724 1511 1160 8266 7361 9687 9607 9784 3893 958 1690 1136 7699 7032 9762 8852 1657 5231 5965 1028 2830 7214 8089 4759 9259 840 4047 
23 1178 3370 7770 7817 1392 7383 1337 9877 4144 6324 6555 1916 838 5703 3558 9271 7452 8100 5345 9290 8959 9990 6494 
11 1066 8213 1803 4035 2095 4247 544 938 1061 6517 9606 
17 837 9851 5507 601 1460 4205 7344 1257 8401 7609 2882 8563 6937 9454 1898 8424 2049 
15 719 2787 7569 2315 2910 7065 7394 4138 9899 2727 9750 6005 3715 7524 8057 
25 677 9820 2335 8040 2896 3701 422 7041 8695 9357 2072 4775 9089 6437 1861 3341 2485 8611 2574 5814 944 3787 7814 4273 3535 
25 568 2198 8133 9345 2178 7096 2527 40 2065 8659 8788 4407 6219 6320 9509 8356 3268 4983 1374 7509 421 8717 6514 5939 9916 
30 474 1121 7446 4613 9477 102 9273 3669 1458 8316 9379 2479 3645 2844 3968 6823 3379 8357 5993 3804 548 389 3950 5148 1043 9446 4779 4350 2659 9536 
18 303 9685 3291 7477 6910 4096 4106 7560 4420 7280 5531 5131 8145 3003 7184 3046 6994 3097 
32 187 7287 1674 3129 7867 2442 4318 8671 380 7274 4584 2893 5768 4330 9884 5385 6830 3237 5589 2646 2489 6949 7050 1798 9885 1231 955 7905 5077 5047 1290 737 
33 88 8787 1984 9412 5748 2305 596 5107 1587 39 5967 2234 4981 7865 7262 6363 6226 5019 9416 3076 6588 8966 1400 988 9745 8655 9521 9622 314 371 6943 3591 1343 
19 84 7082 8309 1986 4938 9751 2661 7315 8542 7873 1417 9167 2125 6939 9643 9939 7798 3560 1344 
19 48 8328 9105 8681 611 5982 9541 878 3810 4797 1044 5410 7079 5198 3080 2321 6294 7714 3562 
