29 1466 8404 8983 2573 3331 2339 6304 6446 1167 2477 4264 715 6434 7846 2984 623 3939 6877 2690 6127 4330 1356 6886 6679 1811 2721 9698 6303 5551 
27 7609 4766 8481 9606 9384 375 3267 6361 2961 9308 5366 4728 9703 2859 6735 539 9716 1977 4704 8984 7 6855 5571 3354 3083 5481 6810 
29 8090 8669 1247 479 7151 1257 8933 3558 9186 4432 3608 258 1097 1482 5104 4027 2307 2684 2259 4846 8212 1107 783 2926 7711 7413 3041 8941 8753 
28 9211 4922 8977 3950 2906 6815 5368 8791 1777 135 7071 8734 2080 3568 9547 6323 2309 3569 4781 2461 1455 6926 7360 2328 581 8484 7938 9192 
25 9284 27 7397 9095 5883 4703 2433 9660 4241 4435 1085 6484 533 7013 6223 5098 599 1884 2222 2074 2376 6324 4811 4998 5361 
28 9742 7175 4660 1051 3707 4942 3619 7240 7703 569 3798 2017 7112 9609 9617 3650 2411 1265 2650 9357 293 9198 374 3493 5725 5678 9847 3818 
26 8315 9417 5213 2876 5109 7986 7992 1441 5759 7046 1435 2184 6951 7962 1530 7757 5648 5899 9144 5676 1646 2025 344 426 5280 4576 
27 601 9038 1556 7120 2506 6322 970 1440 3037 7931 70 2122 7949 1418 6483 6998 6009 8847 4752 6140 4216 9610 6141 5344 937 6830 4821 
32 3902 8453 3288 3503 9732 1863 434 7381 3669 6359 4799 6824 3362 2651 4914 4430 7150 3889 2060 6594 1050 7181 7003 4439 8809 7600 7228 1957 6533 2189 3008 5638 
31 3233 2996 182 6959 2140 1241 1165 1160 9808 8150 1647 4101 109 8509 844 4488 514 9426 5131 2997 7506 1355 4427 7687 1997 1580 6921 6094 4832 9607 9418 
30 2652 8896 2524 5400 3347 2391 9583 685 2919 1683 4519 6814 8989 3807 2683 6365 5643 386 5989 2754 4016 4233 1381 2443 1337 9805 8750 3697 2493 9982 
26 8595 3704 4170 1756 4165 2346 8897 435 4874 1081 4032 3923 1498 6398 9325 9525 608 5788 7452 8789 7052 2862 6654 3979 3918 7272 
29 6638 8568 1365 8297 1772 2085 5610 5157 8812 9499 4363 4782 228 9160 4637 2658 8333 4706 6777 6984 3509 5792 932 442 4688 4274 4548 8268 7049 
26 1753 3911 477 5797 956 6747 5343 7670 1723 9216 5332 8886 6072 3409 3013 4475 6589 410 8485 4959 77 9320 2544 3872 6656 4678 
31 5552 6227 9791 5185 4415 3764 6123 5637 8646 2832 893 9526 322 2235 4748 7172 5013 3419 2420 342 7599 5004 6254 6661 1834 8846 3583 8024 6960 8114 6787 
30 2823 9054 6890 7191 1715 232 4137 7163 1120 3166 5509 9482 916 4420 5202 7515 4819 3325 326 4879 8524 1703 6101 9004 3729 4196 4895 5591 6663 2518 
27 6190 1831 2916 1554 4248 8368 5303 8389 2722 5603 3490 8558 5782 5220 1439 4051 6965 4086 5891 3749 8622 2104 7730 6972 9045 3101 1665 
26 9872 8948 7244 5263 629 515 3541 5390 8593 4243 924 4551 8610 9560 8336 8608 7640 8181 7913 3070 9301 2964 6828 205 2467 4594 
28 8407 9538 1956 2777 9785 1562 8178 3480 9658 5297 9983 1044 6915 2845 7053 2432 9671 2246 1748 6803 5626 7454 9503 6713 1705 1295 5029 5738 
32 395 2297 4503 9884 5423 4933 3332 6703 9936 5053 7765 6357 4047 7076 9116 5874 4011 8422 9119 9513 4654 7333 3178 5358 1930 7807 8165 8792 8539 9995 9510 4361 
28 7822 6425 5345 3524 6718 5166 402 975 5315 7671 5514 9575 6976 7321 1458 369 2484 307 4429 1388 6080 3084 2214 6867 2041 5621 2157 969 
29 2636 1925 5069 7421 3582 9907 6007 5010 3654 1883 5584 3817 3127 339 5027 2581 56 247 761 3900 5264 1501 1586 8243 8567 6360 6821 936 3555 
28 4616 698 8870 5134 1152 1430 1487 679 8620 6559 6795 7816 7983 5438 1662 1416 7626 5043 5139 5979 7113 3861 6103 3727 12 1071 6217 7533 
27 4661 1660 523 9951 9219 2144 163 1340 8441 5425 7761 648 8755 6143 1103 4109 7591 9726 2172 9373 542 9623 1877 2866 1801 5178 4171 
29 671 7205 2954 144 9385 9621 7603 1604 8569 739 620 1749 584 4343 4317 4072 8498 6079 2299 4133 9834 9146 9539 6 1543 7731 3931 2016 7796 
30 2452 7487 68 9804 9899 5726 1547 9571 7392 2303 1671 6989 1709 4092 8390 7114 4421 2466 8414 1950 1741 8054 5421 269 6771 2302 8032 5907 2273 8096 
28 558 8468 6475 1926 1178 1588 8992 2429 8239 674 3167 1011 199 7282 8507 1873 8926 9387 354 6967 3445 1284 9062 8922 3910 730 7435 3059 
30 9340 2830 5245 4803 968 7579 8277 1095 5353 9939 7045 9842 9247 4658 8661 8371 2165 3026 6786 6396 5554 3052 6131 8738 5286 9277 6408 9642 9452 4965 
31 993 4805 1339 6231 1448 1740 9599 9439 5935 734 5951 3434 9497 799 8109 8550 1383 5741 248 976 829 1157 2471 5190 1790 8994 6532 2345 2400 3633 7947 
31 3145 7794 8934 3044 1325 3992 158 8050 9380 980 9436 6666 8859 5063 7104 585 7212 5539 9405 7350 7366 9319 3221 50 9181 8174 1119 749 7843 126 2367 
27 3256 8152 7014 9459 9382 8584 5348 6522 2680 363 2055 6460 412 3061 3896 3129 8133 7285 4159 9638 5088 88 2667 1765 172 9580 9768 
25 9155 9850 3099 5151 7176 7719 1735 6163 4500 9976 7928 5282 4578 4312 9040 6938 4686 5623 9603 5575 9069 6490 4257 1851 977 
23 1472 8246 7251 3278 6211 3556 7993 619 2931 6354 9309 5994 5477 6726 4406 1623 1743 5203 2729 1209 1820 2143 6596 
31 6845 625 9037 9559 5020 9773 6816 3348 2562 7304 6705 1206 4100 8665 6174 9024 3250 6111 1918 461 8291 19 3935 5814 4210 7440 1728 843 4552 5042 4539 
23 7995 2330 3867 8193 6580 8365 2289 5068 3494 1933 8185 9800 4276 5662 7236 7563 5745 8342 3163 9557 8110 5928 3422 
28 2993 8383 5917 8949 3455 238 6057 8627 4577 1349 2826 8722 3944 6624 9507 4106 3594 6863 5444 7226 6108 4155 7551 8712 575 5859 966 2296 
29 6669 9117 6294 7894 5456 4788 2531 190 1549 5045 6648 3134 2944 7882 4113 6628 7570 348 6381 1332 5684 5518 1951 6660 4026 145 3038 3107 2107 
26 9215 8472 49 3177 7957 8257 4478 3429 7024 7409 4443 7830 3415 5909 9666 9264 3884 8491 6875 1159 9318 4681 2211 1446 6513 8799 
32 5798 6257 4951 3618 5483 1124 4636 4096 7441 5496 1423 353 933 1650 805 7233 7556 3639 1502 6827 8692 9000 7497 3726 5019 8690 2095 2749 8060 1739 9799 4901 
30 4473 750 6610 4507 5668 4834 6255 7158 8285 3281 8828 1242 2509 8505 2370 4081 3152 1927 8310 7961 8525 945 3523 1953 3542 1995 8845 8582 6633 6017 
26 9925 8406 5934 7351 2353 8046 703 320 9986 5369 3340 3078 2946 5830 8814 6706 7803 5419 7879 8703 797 5872 9170 4735 2668 7649 
27 9282 9992 1275 5226 2394 7028 5739 5700 6256 4223 8591 603 1667 8732 2216 9758 3792 8430 5319 8838 9686 6339 5813 5780 5489 7178 9212 
32 3236 3209 5209 429 7279 7177 8266 6866 5911 7610 5533 9651 9464 5265 4598 4761 9430 2034 2975 8230 3566 2081 2347 543 2553 2405 7705 7677 2516 7978 212 9958 
30 7828 6668 3937 1067 676 4627 7878 9324 1610 1082 3813 6914 5791 6829 922 3477 6629 6930 2245 7314 2127 5656 1687 9789 2294 3369 9001 3226 5365 2388 
33 445 6557 9460 6200 9506 6351 2036 6105 6643 9362 8036 1370 3262 7706 1319 4402 673 5067 1382 9169 4738 2131 6788 2676 765 7501 18 6293 4984 587 5054 6732 9784 
27 4760 9696 7006 552 8438 229 9027 473 4465 8469 5311 9793 8855 9389 2464 998 1469 536 9676 7095 7862 3578 6631 3214 5937 2349 5561 
29 2182 1768 5815 4249 1681 3703 6167 3489 6162 7745 4497 686 3456 6044 6100 981 4623 2321 6964 3761 2438 4971 2160 9953 7991 8658 3074 503 8670 
29 6603 726 7309 7744 6657 6859 2313 3304 373 7082 3515 5428 3132 1706 9011 1 8082 8563 1757 5858 7057 8280 1232 1311 2250 8803 5276 9838 6051 
28 3815 994 8903 6889 8234 6280 5850 2027 219 6856 6552 6082 9 9729 8519 9046 2941 5572 4491 6700 4022 3613 1974 3946 4532 9094 2809 1596 
25 3511 457 7020 2147 9467 9725 6740 9260 8878 9833 1188 7044 9098 6617 8171 5750 3965 767 712 7799 8535 9679 4600 8132 5517 
28 666 4662 8952 3811 9777 2138 5138 6409 3254 1039 1526 8189 782 3747 5737 4843 440 7447 6604 28 8173 9972 7717 2264 9099 7553 6942 1508 
30 4398 3075 1040 6871 9967 7668 4069 9183 8848 9006 9067 2502 1280 1879 9453 8759 3927 1781 5340 875 5563 6880 9550 9977 6797 509 9398 6755 3868 7899 
30 7324 7574 8399 3385 8464 684 7538 7675 7374 5647 4028 310 8345 680 6450 7779 222 5810 3162 5977 9009 1384 6592 2284 5728 634 860 6161 3901 9932 
29 4077 3782 7611 8950 3380 4304 1203 8264 6160 8944 9910 7267 237 861 6741 1114 8773 9647 4451 272 728 9036 8045 859 677 7261 8187 1551 7063 
27 8551 5939 4994 7335 5895 5066 555 7347 243 8655 4679 452 5699 2842 1892 5695 9140 2270 3263 6126 6723 8902 9924 5196 467 4502 7722 
32 1641 8657 276 4957 2051 7249 221 9585 4692 1707 5301 203 7195 6456 2276 9844 3441 1353 9810 2111 1581 7027 5087 8071 8456 9881 6745 2501 1288 3106 537 2497 
28 5062 1030 5555 2736 6869 3881 9121 107 6470 3100 8262 1852 2062 1244 3269 7831 8175 6518 7217 6083 9783 176 3750 25 6833 5667 3580 2994 
27 8709 9662 2000 6168 3671 2129 5878 1792 3110 6378 8334 8675 7102 4378 8667 7231 8056 4886 4253 723 9167 5660 8708 9113 3024 8479 5193 
25 2417 4773 3919 8471 4948 6389 5159 1207 4990 2382 8038 9060 1713 4525 303 8233 6193 2180 2210 5624 2257 8516 6496 2530 7886 
29 5500 5130 9200 2195 7773 4313 7944 7317 8638 4292 4153 9187 8883 1413 2224 8425 7628 2639 8856 3597 29 5300 197 3015 2571 769 7593 9163 8694 
30 2672 6021 8434 8286 850 780 768 6990 7278 8588 6860 5397 5420 6085 6253 5132 1517 9823 1336 7684 9693 3296 8209 114 735 5764 253 9991 2810 7264 
26 3123 2890 6778 8540 5999 4314 1639 2158 9949 6708 7811 8455 2686 8601 2287 4610 7823 7433 1850 1814 1372 7520 3239 1263 8092 8618 
31 2378 3756 6597 1704 1909 2966 5654 8006 2334 3745 565 5440 1908 1003 6996 7307 131 9427 2447 7143 6734 9125 5165 8069 469 441 5386 4698 7841 3285 1363 
29 1109 4260 3991 4481 3560 4976 6616 8488 194 6233 7753 8604 1321 6749 4230 7909 7221 5957 7476 4826 2861 5888 6517 459 4593 3940 9423 6235 7917 
29 1386 6001 498 9592 6922 9874 6500 9622 6562 1219 1694 4533 3795 7884 1968 8362 1832 4555 5493 8269 2974 6095 6840 7376 9025 3308 4512 2879 2894 
29 2265 5334 5476 9150 5990 8564 9315 1174 2039 7661 5597 9127 7009 3390 2671 9050 414 2319 4604 3915 3933 3023 4905 3014 6667 4827 9349 8683 6804 
25 9988 9288 6245 2037 9515 4983 606 996 7869 4272 359 5024 7001 7310 9469 6039 1379 776 9132 9176 6569 8219 574 1399 5470 
29 8057 7760 846 3579 3 4084 8711 8913 7541 177 9339 7291 4544 8861 1870 6433 775 5331 1286 3751 1343 6158 3521 9903 5615 6169 6266 5284 5107 
28 1577 8205 6416 2479 3266 9721 8790 8454 3934 1326 4726 2986 7007 3377 6166 3073 7438 3737 1733 8612 1979 1202 1328 6782 8533 240 7817 4037 
28 9543 8085 4568 9236 9836 9980 4252 9961 8328 4194 2183 3797 1880 5847 8142 210 2185 8497 3327 7127 4670 6934 7017 880 5629 882 1540 6135 
28 1965 2698 9104 1100 663 5051 1996 4454 6015 7037 7766 9466 8963 6418 214 4727 1240 2625 1823 8767 7446 7266 4484 2612 4646 5882 4058 5392 
28 138 3169 9685 6363 7416 4005 610 7356 848 5781 4168 8899 5854 2615 5842 3067 1495 4572 5871 3032 9364 4038 6431 4995 2904 2781 9882 7341 
33 654 1035 314 8797 2003 5181 1217 5580 3803 9044 9153 3398 3277 4344 9458 3382 1719 9312 7159 5825 2402 1729 1755 8923 6694 5380 3351 2844 7166 7156 6823 6843 7010 
34 4852 6956 4949 4797 736 5940 785 5683 2637 8920 1411 8316 1693 2068 2857 1489 8639 8842 1894 9757 5958 884 3754 5458 4731 7274 9379 607 1281 9934 5161 4268 2957 7540 
29 746 280 7720 5077 3259 2137 3804 33 6419 2917 4289 615 5304 5442 8332 8341 2714 1632 8155 6487 4653 935 6194 3165 8308 1576 6573 6404 1185 
29 5777 5583 5537 6983 7519 5945 7086 4377 8518 110 6918 1002 1389 8686 6291 2837 2708 2564 8804 97 1200 6391 6501 7287 1237 1361 5774 6038 7460 
30 4804 3877 9743 4870 9224 9484 7022 7872 2983 5100 9917 2643 5080 4098 6502 1457 7564 6306 5672 7479 4928 9271 6031 7311 7445 312 6325 9347 4866 2791 
30 7427 8644 7030 1805 5247 2343 504 8834 800 9798 4856 5964 2314 7682 2225 611 7499 8196 6336 9749 7646 7786 1987 423 6560 4320 6415 2059 4871 7326 
30 4322 6791 330 2599 5860 4093 5457 5510 3989 8943 3846 781 2056 2220 7199 1221 3204 2070 3945 672 4939 7686 8287 3713 3930 7738 3962 3202 7153 1921 
30 3363 4469 5967 6463 7109 5436 184 5434 4929 1516 4130 2397 394 5367 1494 6846 6350 2110 8429 165 1077 1859 3224 6077 5985 4580 2999 1313 3530 3517 
32 7148 1539 5136 6093 1983 5129 3126 8714 1138 9943 5969 4158 1431 9110 7935 7560 7025 8489 8095 6104 444 646 6505 9521 2455 7055 7306 5359 453 4954 953 6173 
26 8346 2583 6482 291 6912 173 9425 925 4204 6252 6206 4602 4477 3213 1169 1578 9401 4206 1922 7339 7977 2885 4695 7066 4014 2084 
27 7914 9328 548 8841 2212 8865 4566 8274 1074 4401 2355 1621 2348 3605 3418 3571 5038 9511 4464 2543 770 8632 1714 2008 6737 2386 7774 
32 4753 3240 4066 7329 7084 5313 1677 4975 3604 5887 204 7243 8931 5451 8384 1636 2951 3895 8158 6725 3255 9105 8275 8742 9124 3938 1509 1486 8501 2585 1315 6441 
29 9488 3265 6687 1818 1745 2841 81 2591 4315 4017 5508 7925 8562 2033 9334 713 4756 5567 2087 7208 5362 3617 8521 5243 4979 4961 8895 1150 3006 
27 8099 4759 4169 6961 9268 9322 62 3225 3997 8649 4562 2457 2028 9952 1371 6646 8135 2043 2181 1624 4154 9205 6040 2054 5844 1946 9604 
29 7662 2563 7096 7380 6973 1515 236 8737 8377 9338 313 753 3131 133 1029 4471 3657 3576 3113 1213 2662 8662 9086 2483 894 9517 7478 2456 419 
28 7633 5535 3701 8906 6485 690 4048 9851 4542 2867 3839 6811 522 9616 6492 2910 5931 5625 6144 4651 6602 7048 7125 9041 7726 3381 6133 7820 
30 5465 4671 5771 915 9699 3735 462 4286 1282 6112 720 8603 4833 9780 8824 5974 1046 5775 6977 7585 8300 1510 2002 7301 4505 8749 1615 1738 277 7887 
30 4065 4390 3772 1014 8733 4784 2801 8572 3182 6328 1193 5856 5096 3453 6941 1452 5346 9674 8107 7573 913 7904 506 2987 4721 8559 8061 6442 1653 2630 
29 7883 1285 1976 1597 1923 7412 6686 4589 5277 7268 9704 3241 2428 3674 9794 64 4609 72 9226 3223 5437 1527 4884 1393 9474 4354 3857 2494 9895 
30 962 7132 4392 3460 2512 6445 7723 5224 6658 1302 6535 1301 3379 3825 564 6601 4368 7924 7834 9509 3690 3809 7530 5649 8520 2311 5548 1484 265 7559 
29 570 5673 7639 256 2472 3696 6379 1342 4003 4864 2735 3058 9249 1796 9118 6321 6226 2445 7189 9611 5194 9114 2784 5158 8343 9148 9422 4962 4364 
31 7576 7448 6402 3702 2701 6519 6994 9437 8876 2909 3286 67 6187 918 5716 9707 3400 834 2460 9807 3282 4626 3823 6848 9905 9065 7521 5609 4254 5320 6216 
25 4141 6770 3260 2578 9165 2673 5784 2233 6344 7875 2153 1490 4371 6362 1613 8186 3142 8735 217 823 485 3157 9615 7537 496 
28 9321 8724 2847 1330 9966 1025 8281 1344 6473 7097 5412 223 6063 664 3211 8190 2425 9998 3666 3969 4198 9840 9608 9886 4412 5375 9918 3082 
30 602 352 2365 5545 7742 2168 3275 7526 5556 2281 7580 9035 2495 9769 9091 5546 8242 5056 5252 2026 7398 1775 8676 4000 3498 9342 6136 9774 6842 3808 
30 3590 5756 8678 8431 5115 8324 8063 9629 8417 9795 4413 7709 9090 6224 5162 9824 4776 6758 7064 658 9843 1966 3995 1112 7342 7411 6059 8891 2850 4978 
23 4974 9913 6935 5658 2126 5126 964 7483 3481 8215 4379 9434 8630 669 7898 756 9641 7956 4859 1297 4490 390 224 
27 9714 2146 286 1348 1779 1398 1913 7952 5499 1009 420 2552 83 9051 231 7088 2278 6326 9929 438 4972 9206 5225 7618 7107 3148 2925 
31 7937 5383 5608 4751 1835 9073 3744 9678 6622 7960 8641 7038 6697 7939 2548 1128 5761 7167 7069 3820 1216 4863 1463 9048 2875 8763 5864 4680 2915 946 3870 
25 4764 8432 3149 1080 9625 9955 2337 1603 7190 9908 2656 6176 6006 6904 6768 1931 2208 4668 6852 7619 1538 1762 2911 2895 470 
26 6197 2517 6062 9251 3907 6027 4642 9619 6230 7847 5292 1091 3941 7171 5731 7912 4261 1201 9102 9369 2392 5091 3237 2959 2786 6202 
27 13 957 417 1675 6516 2236 7375 3326 2194 111 4504 1920 1467 838 7656 6861 4118 7632 5179 2240 3133 8633 3687 5398 3719 9188 3876 
28 9111 1130 9202 1407 4186 6554 899 9892 6550 6277 6171 4892 1147 1406 2010 6438 7932 471 8571 1400 6383 5995 6239 3838 7923 3906 9161 9354 
31 8849 8372 9887 7031 5740 8118 1442 3836 4730 319 7981 2624 8055 2522 3273 5281 2724 2551 7012 6539 9587 1563 8930 6259 5025 3688 3649 2716 4526 4625 6575 
32 5046 4474 2205 170 9115 6242 5682 7800 380 8042 8917 9529 5309 3174 6192 8279 4669 8221 5688 7141 1940 1008 2317 2545 2427 8197 8880 6397 3349 7004 1773 9577 
28 1587 8184 6497 5206 4311 9627 4495 5167 6393 9231 6263 2891 9278 643 5646 1391 7248 538 6792 5468 3966 3307 2824 4531 6305 9573 2249 1993 
31 5057 9443 3551 2836 4909 8530 7679 6710 2838 8256 1477 5055 2924 8413 55 6208 2015 830 9156 631 6004 4234 4772 8408 7897 5582 9476 5787 6524 5021 3810 
30 6424 2163 7297 3258 7969 5680 7667 5925 8553 8398 6847 8894 1329 5766 855 8148 1088 6124 6476 508 4606 1251 4620 3257 3424 6002 3816 1001 1864 6148 
31 4071 1125 9522 1410 7699 5896 771 5302 5090 4898 7863 292 6780 877 3063 1453 9852 6315 6058 7098 6118 5576 8853 8706 3998 4571 1881 8037 5227 7348 1199 
30 6808 482 3482 2459 4607 7728 7777 6764 2318 9883 1419 4873 8337 2354 7919 8787 8168 6621 398 268 2598 9269 9775 7659 7074 2248 8987 3474 8216 9138 
25 660 1359 9930 7845 1133 2096 4831 8258 4941 644 8775 1170 4851 4414 3971 9174 4860 9142 7254 6370 2796 2308 3138 2969 4605 
30 152 1512 5966 3763 2815 9937 2301 9078 9270 6385 3364 545 5405 4985 777 1963 2527 388 6512 2128 8671 5431 3738 6071 5709 3706 3909 3758 4585 3595 
33 1769 1187 2607 4765 3914 4 4400 6767 7203 8093 7751 1839 4588 6872 6318 5768 9311 9931 9668 635 2419 5272 1006 6568 3526 4324 5558 5560 9208 2737 5257 2528 592 
26 9371 5973 7922 3268 2049 3537 9055 6979 5568 6225 8691 3695 6399 5718 903 8702 9530 2750 707 4563 9108 4584 7386 321 3188 3399 
29 8097 5703 4060 7173 2350 3050 6766 7349 1149 2207 8122 2943 1395 2066 7388 2882 8764 762 4868 591 4899 3980 5776 8685 4271 8981 368 6157 9770 
27 4960 2711 1746 4650 4436 7482 8176 3644 2728 3341 4888 2011 1405 5894 198 6338 8217 7023 6558 7535 1699 9193 5173 439 6184 5915 4419 
31 6392 2648 554 8134 7724 2395 7286 6128 9495 5843 9500 9654 6115 249 1145 2970 6644 2568 583 7578 7732 1561 9298 7451 9652 2953 5430 8236 4345 1778 6491 
30 1572 4501 2864 810 8130 9719 5435 8423 5822 7743 2097 8260 5124 3121 8248 8015 7058 9421 8288 2173 3031 4778 3564 3200 752 7457 2275 2067 7608 582 
31 5919 9890 9440 271 5153 5566 9974 8726 1932 3984 4521 6296 6609 1557 9092 1144 3251 1401 6175 7763 5287 5640 46 6067 4075 2115 9759 7930 1255 4775 1397 
29 6950 5388 2482 1558 8500 9762 4640 6276 8466 1564 8191 3849 5450 4120 96 4496 9471 5246 1480 6987 4920 242 5217 8648 9878 4291 4380 2444 7414 
28 3423 773 3972 8624 1659 8746 5506 6331 2243 4290 529 3449 8650 6895 9673 3574 3432 4187 9239 827 1827 8929 7524 3936 3421 2481 9330 6865 
26 2805 3384 2442 2469 60 1961 164 9133 5802 9376 4140 4284 259 382 2979 1673 8321 1619 401 5328 9849 5232 4384 8317 9860 7688 
28 1048 8440 5881 2430 9590 2609 4015 9753 2542 7955 878 2699 8446 4925 3271 8051 4492 8480 1732 4618 7959 6458 6290 9637 4287 9579 696 202 
29 4052 9336 2557 5669 9408 6278 2359 9565 9554 5278 1545 1309 7432 6018 430 2546 9830 4202 2580 1334 6923 9657 6799 9074 7544 5849 2532 8351 7911 
28 4466 1271 7496 5675 8625 3322 7575 2992 7768 8645 1307 8499 9029 8512 6337 4128 3662 1973 1710 2112 1357 5155 6911 9032 9912 4872 1697 4184 
31 3153 7183 2756 6504 7239 6902 3821 9126 4665 7122 6999 5611 9279 4277 6380 5590 4740 481 8419 7826 4142 1208 7204 4209 828 4907 6916 4561 7002 950 2623 
28 6229 7946 1021 7481 7442 4227 6985 6099 6205 8292 9240 2937 8974 59 8907 9370 1223 7018 5642 4094 9337 2366 7905 6907 7050 6626 1954 5240 
28 1141 5354 687 6382 627 171 9909 7513 1609 7336 1585 6182 1507 9712 6530 8139 4056 7507 9234 4675 2529 2072 3527 8068 8959 6955 1791 4188 
28 9189 6319 910 3172 9190 8991 9407 7227 6793 8840 2590 2178 9372 5198 7035 5356 3814 2379 2164 7283 7550 8059 8427 6619 1943 4352 8353 6730 
32 7426 7642 3878 5195 2399 9735 2024 5706 9546 1368 8154 3532 3336 6287 5347 2121 143 9299 4955 9776 1366 4719 8496 748 7263 3655 4927 9563 2119 9650 7718 5208 
28 934 804 4494 2241 1066 9416 304 7870 4472 6944 3678 1096 7131 4582 1544 9672 2540 4838 3960 4372 1164 7444 9879 808 640 5559 7839 5486 
29 8946 4246 8971 4318 9120 2166 5901 9238 5376 4205 2403 974 5480 7443 2675 7099 9564 7206 8900 463 4225 885 7498 5101 9285 2448 9767 3769 5885 
28 4189 5941 9227 1499 5082 5522 2782 4089 87 6412 2040 4295 5073 9177 3920 2631 1033 840 6528 3365 867 2356 4265 9034 8637 8782 8640 6164 
31 1574 9243 3630 2971 2860 1220 8937 5433 1657 266 5407 5904 9368 3191 8335 3622 8007 234 1536 8758 8587 923 6571 9541 4283 6981 105 1634 5256 9152 9431 
29 2209 2713 1531 6928 7323 2358 2710 6395 9059 689 7135 2928 8769 3974 639 938 3837 6759 5636 5754 5743 3864 6139 5702 8554 1798 9586 1875 1766 
26 9435 9764 5903 6493 1465 3783 4524 3500 1360 8437 9228 4749 5135 5095 2108 588 3433 9512 7669 5824 1005 8542 196 8195 9645 6055 
27 9888 2351 5377 5855 8418 3272 3770 8206 3035 5000 9303 6406 7491 5299 1047 5003 3621 2696 1902 7490 8058 2779 990 3589 2620 5681 9969 
31 7584 7382 8654 1670 5127 9033 9097 2468 9184 1485 5012 9375 3892 5811 3147 8094 6544 8124 1606 2663 9473 5602 1984 3561 7933 2883 2990 5870 5317 9015 7234 
28 4768 2202 4279 5826 7485 8532 3912 5133 532 872 7596 858 2893 8129 6334 5692 7093 4770 5893 6834 5710 1318 8203 7396 7741 1323 4708 9941 
27 78 3628 8166 40 9636 3283 5857 9880 3887 1680 7423 76 2014 4723 1664 5627 7040 9911 6870 5892 4755 6858 6248 516 8619 9343 3143 
27 102 6671 336 422 3536 4278 2738 8914 1028 1676 9593 567 2404 9959 5540 6565 1376 7133 1901 959 9399 8836 9353 65 9916 6639 3642 
31 2851 8561 9194 4259 1822 4716 6464 3528 3830 5401 6472 8988 8147 6862 5137 4583 8796 3344 5982 7365 6712 8138 122 8881 8079 2856 1685 2927 2537 1079 6898 
24 9014 9498 8027 2013 4694 8911 2788 7503 300 2044 1483 3806 9326 6653 5806 2133 6685 2515 7255 757 351 4608 7856 5002 
30 4935 9366 3640 8049 3391 7259 9504 7467 9848 1679 9921 1915 331 2463 3317 1905 2888 8028 7975 4023 4806 1605 1570 6769 4746 3710 6377 6776 6561 1637 
28 207 4349 328 5511 3518 9263 5360 541 1802 6690 822 1320 7005 7493 5373 193 1117 5389 3718 7797 8101 8716 8647 714 7164 8596 8514 4747 
30 8995 9594 9589 1037 1590 6563 8549 5478 9648 4341 5382 3606 8144 2900 4180 6670 4125 3085 6853 8800 853 137 4449 7019 1287 621 6311 4793 1350 5044 
28 6423 94 2152 6030 1421 1264 2018 9107 5105 1259 1256 2760 5770 4410 5075 6282 6106 2792 7103 6020 2641 1110 4362 1731 4297 9765 5216 2103 
28 175 9445 7708 3951 9096 8293 3114 6538 4193 4641 3742 4882 4511 1661 3684 183 2292 4812 3414 8064 6825 2655 8088 7868 4631 7192 2881 5418 
31 4078 1492 6214 7929 3462 9397 7637 572 2136 8349 1098 718 8350 5817 475 2326 2753 2364 4645 6387 6957 329 7818 1481 10 2383 8810 3653 8298 2007 75 
31 9159 9740 656 2715 7516 8204 8681 630 2435 1310 3774 7776 4136 8801 387 5306 5972 5443 2821 3043 6946 2029 9985 3012 6477 2905 2884 2638 5275 6320 7471 
27 7418 8128 6879 8778 1267 2768 1300 8609 5396 3711 3683 5238 2120 7308 3034 5565 645 4453 1087 1992 7137 11 5016 9900 7631 518 4347 
29 3387 436 1468 6151 5237 7985 919 2840 3871 7592 576 1290 2255 8721 3981 7130 3389 999 1225 842 483 1180 5753 4790 8527 1981 4590 8360 7417 
30 9049 3968 3693 7552 3844 3411 9302 5875 9675 8486 6531 161 8857 9618 4713 153 5924 6714 5422 2726 5494 5544 146 9061 8985 9572 1333 3668 8768 4977 
30 8220 3104 6154 5938 8717 7769 2295 4221 3430 8089 1988 7785 3356 1701 568 9400 5394 4780 4853 6023 7085 3990 7252 6209 4850 5812 2093 5950 6332 6598 
31 9168 5613 7394 9984 2767 6444 4030 941 2687 670 7614 7522 2325 3435 954 1070 4112 5541 7425 5923 3093 7736 2089 5341 2751 2976 6327 9064 9444 5033 5211 
29 1717 6543 5008 5529 9039 2664 9494 8581 5861 4489 1158 7873 8536 7509 3786 802 4656 9717 9867 8161 2932 8229 8428 1669 7683 1975 7214 4635 5453 
25 42 9441 7011 8273 9915 5188 5218 841 3069 7473 7188 9365 6757 6048 52 5495 2449 7548 7145 3572 3081 9633 1464 6240 7908 
30 5014 3775 2604 2940 2570 5258 9241 132 3170 468 5119 7091 5404 71 6809 4813 6692 367 5594 1156 7943 7325 9402 1183 7583 7508 3274 8986 4881 9700 
31 9413 1191 544 7707 5117 1760 4298 2797 2601 2071 7802 4612 6508 9002 2032 7778 8023 6939 2473 807 5094 9265 8888 316 6659 2533 9710 9894 1607 9403 8696 
26 1808 4057 502 3620 8575 9329 9533 7693 413 8047 1172 5579 4986 4157 3370 5174 3193 2702 7971 1041 6455 7512 8770 5685 1212 647 
31 526 1824 5503 5965 3264 2535 4250 3610 3033 5424 9461 3130 3908 1493 5905 4294 2632 99 9409 3046 8016 9088 5414 9313 3309 614 8084 8979 3120 6952 722 
26 3875 8546 7979 69 5148 813 5587 7390 2373 2389 5848 9455 9876 3287 5199 478 5799 9644 6034 136 9225 3510 4666 6637 8945 7936 
29 8424 8121 6729 3643 9378 3623 5783 6221 9990 9737 5659 868 5998 510 989 95 6841 407 5399 3337 4007 5145 4403 9813 8247 8164 166 8062 8265 
31 7653 8730 5952 4769 2135 784 6634 134 2541 1895 1032 5501 1182 6585 7340 7740 9923 9877 9209 4648 1702 2192 6019 6467 7139 4150 2718 638 8743 4685 711 
28 6042 5370 1424 5031 9273 8074 4009 9856 7296 6553 2538 9173 4823 5290 3893 8901 6170 4070 8379 260 9574 1658 876 7220 3045 2105 1473 2504 
29 8786 3856 598 5448 7842 2331 9733 8309 391 1000 3721 7620 6591 4332 6991 8226 1645 5060 7241 2361 3689 9602 2079 5538 2393 3547 4913 4643 8887 
27 577 811 3501 9891 5713 73 4486 7896 425 3176 4684 636 2967 1726 2283 9047 4043 9597 7160 5143 6489 5677 1947 8081 8070 7806 8909 
29 3922 7704 5653 7698 4151 5144 590 1784 5570 1871 2595 6893 4696 4546 57 3961 2130 6962 5357 5463 1335 6913 1782 9948 2962 806 7008 9100 2611 
24 1999 4574 8415 8833 5796 3297 1836 3086 8253 9057 3303 4226 1840 255 2929 2022 3736 206 6986 3141 6920 47 2031 3554 
29 3709 8504 8073 3350 5724 8462 3520 943 2558 6586 527 5118 406 8761 4424 9630 6403 1584 9701 6247 4211 3270 8157 7967 692 1474 5747 8744 3531 
28 1813 6152 2169 5333 6005 2167 5323 150 8460 4306 332 3392 5249 600 4351 5378 3740 8684 4301 2486 284 6583 37 7477 5032 3218 4963 6413 
28 3766 4397 7695 9304 4710 979 5201 2310 1519 8325 8617 2948 5600 1314 6220 7500 4143 6789 9965 5902 6917 3841 1682 2567 4224 1928 6061 2254 
27 3831 7855 9756 961 3009 8651 851 9415 2175 3320 2050 6098 2082 4199 4883 5573 100 3217 668 9449 5445 6086 1279 3092 9829 8167 6091 
30 9180 1599 8177 5462 7798 3954 4655 2677 1593 6309 9310 4174 1643 1919 6129 4943 1488 9262 524 1116 921 7461 1108 2812 1958 1316 8228 8290 5877 5823 
30 2586 2795 3324 9806 1210 4192 4309 7489 36 1007 8131 1622 4774 334 6728 9736 48 6837 5242 3329 535 7170 4073 5316 661 2261 1967 6883 6680 5707 
31 4119 5645 8447 3656 3921 1250 1373 7988 2574 8251 9093 1668 7000 3284 3199 2666 6462 8276 887 5841 7832 4405 3964 6805 4036 1978 2510 3207 2902 2956 1154 
27 4523 8039 4236 6046 5585 9708 8679 743 9317 6210 9072 6471 7681 5295 2229 3852 1970 4663 1362 1989 1857 4366 6783 4683 845 8392 7527 
28 1579 7781 9257 6888 7581 1059 1907 5307 3019 9898 4758 2947 8760 3407 5441 8352 2759 3888 4335 5531 1625 9614 8091 4121 7601 6932 3956 1099 
29 3491 5097 1196 5794 2769 8820 791 3858 7916 4527 1226 4515 2465 5993 7344 7844 7795 6494 8259 3973 5321 1534 7892 8965 9524 1396 9505 4690 1445 
28 3216 1734 1113 6117 2253 1855 289 1238 1821 8904 2802 4383 4423 6375 917 2315 211 6307 9746 4816 8075 7754 3943 4682 1105 824 2582 3634 
26 9601 7047 7475 4327 5182 53 5596 1127 7415 9835 1166 7459 3393 8490 4815 985 6195 279 155 9468 5184 737 1385 5374 6947 9255 
28 3873 7494 7689 7976 2519 1412 3486 8263 6567 4460 1402 3095 1146 1171 3616 1057 8029 1338 1058 8825 3924 4342 2778 5809 2385 3970 6587 2149 
29 8544 9136 1205 6150 2633 6481 1055 3001 5446 22 7105 8889 8616 7663 8255 3495 3470 650 9944 2733 6342 7197 2978 2065 4615 1629 8928 1559 3570 
30 8858 8961 227 1036 2048 294 6452 1222 1433 1020 9839 5963 8605 8915 3801 270 8867 9624 9928 179 7685 7819 3676 2694 5402 2834 3289 8105 7294 2678 
30 8078 839 8875 4715 5460 4018 343 9235 7748 1532 5384 9815 7525 8611 2390 376 6426 8942 1828 9567 3248 6285 3497 9649 9486 7666 566 2487 7854 2451 
28 306 626 4996 5516 4677 1854 9485 2536 6436 3487 5413 9993 911 345 4862 5971 2697 180 5980 5267 7821 366 8127 5337 6784 7029 7801 9109 
30 3155 9246 6931 2855 7864 7890 5308 7436 1521 4621 7111 465 9760 6582 8826 3065 1856 5114 492 381 4787 5920 9275 8014 2109 1815 7810 6068 451 9841 
31 8044 3533 4808 8566 6790 6421 1612 3335 3243 4370 5490 2763 6590 9158 3446 5577 2889 649 285 3245 7504 6642 4810 6579 6593 9020 6717 7968 788 3159 1648 
26 7277 4433 5461 8701 8756 365 5177 3544 6188 8213 6454 4599 9411 5956 3109 1231 6314 2073 5172 4409 8556 455 7770 3607 9555 900 
29 4182 3765 108 8003 404 5102 1689 5274 4079 5175 8296 7404 4090 559 7200 5487 325 6417 4357 742 3189 118 2588 8779 5110 2357 3840 3403 5674 
32 7782 2091 6347 26 4717 3295 3323 3122 7201 3151 2613 4247 400 4163 881 8347 7838 9739 8020 1774 5191 9122 8972 912 3714 6641 9682 8179 9962 7223 6264 6014 
28 1408 7569 2384 6677 605 8798 6274 4025 1248 7472 3506 9862 2998 6908 5800 982 8614 9709 8303 4725 5722 7827 1086 8802 9576 9535 6371 6405 
30 3440 9858 2496 1807 7384 3612 7980 4307 794 7629 7942 8284 2520 580 8223 4737 9683 7428 5708 5630 8473 1072 5765 7128 3661 4479 5432 7399 3071 1911 
31 586 3860 8927 6655 8282 9076 443 6779 93 5512 4736 9919 1742 3759 628 1392 6451 2462 9553 8420 8199 3916 488 8065 3478 7505 6222 2523 8784 6121 2980 
25 4115 9584 2 1644 5318 8831 2489 3018 1980 3670 907 4382 5015 984 1783 9297 5464 759 3000 1617 3154 5819 3959 2371 8932 
29 5835 3452 702 3476 5207 4195 3733 4639 2762 3904 9781 9548 1292 6993 2761 8254 3677 6078 1611 3822 2898 4508 4849 8388 2732 892 7090 9438 2217 
28 7674 1752 9568 9175 2914 8910 1414 3647 8238 5035 384 4002 1459 5840 2903 3723 449 101 226 2700 7373 9026 1019 6076 5569 6988 4556 7534 
27 3592 7793 1186 747 5612 8751 8966 7361 5296 1317 5429 7355 5497 3629 7043 2981 9570 7733 2839 5335 2628 4968 732 5527 8776 1678 5065 
32 1826 2191 2803 2785 665 3139 1787 4231 4395 8000 5763 991 6813 7877 3812 3894 3753 3599 2972 1224 8041 2272 7634 4102 8163 8104 195 4020 3197 8583 5836 2480 
28 701 1595 128 1614 4156 1794 216 760 926 5071 8794 6997 6178 3685 8137 5767 4855 66 6353 1720 1806 6937 7920 8772 9582 6028 8774 5690 
26 9351 9213 928 9956 653 1042 2410 4031 9970 301 8448 5664 178 8348 2372 9214 2899 3550 4876 4245 4537 6887 9667 6447 951 9404 
27 327 7256 3171 7982 5171 8421 4323 888 4559 7275 3982 6719 5072 4970 1789 8827 7582 2787 2764 4912 6548 6751 2398 41 8374 6974 6576 
27 6570 2766 7752 9702 4123 745 2679 9220 323 3330 8832 6882 7247 157 4340 6884 801 5853 1075 2958 9715 5381 8818 4008 5215 9786 3375 
28 2038 1817 3361 3987 9079 1776 4530 6299 8249 3675 2513 6238 8035 8436 7271 6924 2200 6443 9230 6297 4024 296 3996 5408 4877 5491 6269 9204 
28 681 5147 3534 7253 2145 6073 1131 1898 9531 8652 560 9964 6388 866 4139 5040 3068 3276 9432 6401 5364 6066 9201 5459 4619 2291 7315 1651 
30 3249 7235 8969 4239 7026 7144 1236 7464 2242 6971 8483 1837 1548 6449 8939 9081 751 2508 8401 1640 9085 1026 7391 2669 5234 1347 497 6029 870 9643 
29 9106 7179 9591 4006 6407 1631 7691 8506 5838 5028 6191 2539 2004 6836 1409 5758 1173 4321 8921 5103 1090 129 4173 1017 8955 378 3161 5779 1298 
32 8141 4049 7216 8017 6092 779 1016 9391 7598 9149 4652 7407 5329 5417 2817 4177 9292 1886 3596 8367 4861 8452 458 5735 1912 4999 8606 44 2505 9987 7424 4331 
29 5832 1846 450 7230 7430 489 9665 7117 3777 1269 7209 1228 6773 8231 1829 3175 4839 112 8837 3056 244 7051 579 7567 9291 4042 4762 9018 4131 
27 5588 5336 8227 5696 309 2569 8727 4672 9451 4396 7815 6674 4147 3828 7893 6611 7514 3790 9901 5111 5449 1841 7970 5507 4097 5269 7690 
31 6507 688 5475 7458 4050 3716 4053 1994 4394 2247 5757 6675 6364 7328 5289 6429 9694 700 1876 6940 5236 3539 2827 4528 6733 5085 8823 1227 8585 7322 7577 
26 3016 7901 5557 8543 3679 6284 949 3205 1541 6236 8289 4431 9664 2589 5006 5746 955 2174 6219 2773 3002 2618 7858 7089 7194 7364 
26 9392 6982 1437 2012 7232 3318 5170 2274 8211 5749 4374 8967 1126 5427 3028 1866 5485 5212 772 7434 8411 1633 4337 6153 1727 5991 
30 7138 3581 1038 8850 9019 4926 2401 7110 2409 2161 9056 1215 6114 1838 4676 3799 3319 7210 9626 8208 7627 7092 821 6838 4936 480 4699 1522 3748 5255 
26 719 7735 6720 9797 4824 2555 4867 3667 9395 4004 1218 3507 1262 2560 8990 6146 9070 1803 9341 8126 7972 2478 1022 2431 7555 960 
29 8598 1568 6578 2933 6925 338 5867 7915 5168 2061 8040 360 7068 5834 7701 895 9598 3928 3244 9946 2023 2880 7302 9859 7480 9523 5536 7123 8805 
26 9581 8364 854 3682 4573 6411 9172 4885 3105 4564 5352 189 8378 4258 6905 3773 8822 3843 8998 699 8555 3796 4674 6179 4659 6207 
31 820 816 8851 4480 952 3292 4887 3300 6919 4889 6606 1460 5828 4601 3054 6448 8982 1346 5617 4837 8457 5866 3087 4613 5686 1800 8660 7804 2215 1367 2681 
28 2849 1942 9646 5534 9139 4393 5228 2853 1730 1089 546 2887 9280 5833 2151 9734 3293 490 6232 9516 1234 3294 8169 4407 8682 2804 4875 7162 
29 4611 8545 2332 7331 5244 6520 7185 9406 141 9203 833 8008 7370 7792 1063 5505 2327 241 7357 246 3140 8102 4485 5342 181 3451 5960 2936 1289 
27 3187 8653 8503 4966 8237 35 9745 987 2629 6651 5200 1642 7948 1830 4434 3376 6045 9518 5099 3338 8719 5589 2491 651 3601 3958 2634 
26 5482 3025 4757 7867 4104 80 9885 4822 1867 1960 1929 1294 6696 5730 2653 299 9706 6035 4554 7954 9605 7523 6366 5092 4940 8465 
25 3353 3562 9826 9787 4560 593 2058 6437 5439 3313 5327 4376 2743 8871 6119 7889 2660 7964 8405 4426 6335 2422 3355 282 819 
28 4967 612 6461 34 5128 6374 3036 9831 5619 6615 8874 3835 2412 5259 5379 7184 8960 3004 9920 4854 2816 3538 2566 3559 7289 5231 4890 3080 
32 3636 8502 7222 2813 1860 130 4126 3049 6427 6817 6186 4334 2426 8538 9414 32 2739 2324 5790 3359 3824 9162 1649 5338 1324 7594 8852 5515 6818 2170 7861 9873 
28 6781 8835 5898 5116 8663 3242 2744 6312 5523 7462 3280 6183 5913 8149 5270 3458 6963 6689 4359 6043 5607 9013 8192 6832 6901 2789 5717 6806 
28 9191 7313 3492 6796 8356 1197 678 7149 311 793 4647 3631 5661 428 5820 245 3886 9659 9465 9875 3787 2575 7486 889 6012 7921 4063 7207 
30 295 3833 8513 3746 9752 7327 499 3185 4900 7062 7466 741 6612 3585 6772 8860 7353 1941 4924 4285 1475 3977 754 4360 3717 7951 1916 655 9481 6627 
27 2600 4166 8919 8829 3557 2279 466 5406 4110 3925 4988 5689 58 1054 8370 7292 5773 1684 1844 9938 3358 4741 9134 6798 1136 124 4087 
29 7320 9248 4754 4099 82 3118 1198 6652 8541 8493 3546 3955 7056 2645 9355 8295 4596 2723 2490 6132 364 6465 4908 4459 4517 5650 7371 4714 5988 
32 4891 5524 6683 7694 1049 571 3238 7488 1542 3420 252 6572 5059 7039 6849 2606 3368 9359 4373 7385 7881 9017 6469 6346 3624 5305 6943 4947 4592 3826 1235 1635 
30 3660 5837 8523 2005 659 7790 2154 4116 2142 4055 7257 4689 1972 1914 8475 8031 3047 5081 5655 763 5807 3725 267 2865 4993 121 6008 6498 1990 85 
27 1111 3720 416 4937 9520 908 1093 883 8993 2286 4921 7059 7429 5691 7702 7124 5880 6649 4595 657 7657 7658 149 5261 8305 836 7492 
27 6096 90 5564 667 1390 1076 385 9350 8687 9254 9690 6574 4316 3246 557 9595 9893 8495 2596 6270 8729 9631 8112 20 8918 7850 6088 
29 9141 4338 3903 7116 8954 8375 2770 2238 1888 8680 2646 7536 7334 3454 6581 2019 9448 2549 2593 2945 4498 5047 7034 5922 942 5391 4820 5513 6511 
27 6975 3247 2263 421 7607 7393 1797 9420 4657 5169 5395 4215 831 9232 7155 5154 355 3976 1065 1432 9377 4450 5805 7246 8412 1177 9600 
25 4114 1691 5942 8261 4718 8012 5670 4251 4724 4785 8573 9222 3502 1308 2300 4470 2362 3793 708 898 632 415 9164 6542 3504 
31 5254 7545 3575 4442 5705 2375 4809 2846 5474 995 4293 7237 2500 2800 693 1496 6376 7999 8271 7783 8600 3593 3483 2340 8510 6251 6704 8916 7772 1503 6537 
29 2584 1788 8125 3339 9130 5574 6731 2642 8022 5760 2001 7784 5070 2474 9490 9763 5804 733 3869 744 4763 5929 6109 7895 2197 7094 5285 4135 9556 
29 2223 1387 7042 1417 9640 792 3090 3299 1354 6268 6033 4869 3020 2416 7298 3437 8529 2488 1426 3342 4982 1274 7389 1443 7602 717 9778 3404 511 
25 9145 3832 551 1175 8615 6794 4969 1525 1971 1899 5869 9217 3463 7750 3371 7083 944 8806 6801 1374 6022 616 7900 1327 8629 
27 2870 3198 2793 4067 2930 1004 5639 3234 525 7387 1303 9261 3401 958 7218 1652 3485 3017 5762 6316 186 8363 1115 501 5845 7474 6142 
30 5371 6488 5472 7543 9258 7408 7605 3427 6523 6711 3431 7377 8106 7118 3220 30 9681 4549 4244 1845 7825 7193 2162 5039 3450 4411 4840 6271 1690 98 
26 8172 3665 6640 9669 6844 1151 1306 3212 8668 3603 4266 9179 5808 6439 5037 812 7168 6349 2934 8188 1716 7791 1601 4586 9827 9478 
28 6056 1204 4543 5721 5632 9454 7865 6215 1083 790 7531 2705 6298 4743 6873 6134 6384 716 6958 4269 6116 6702 9221 8522 731 8487 8402 531 
25 3448 9157 5984 288 3442 9549 9864 5176 257 9979 2878 2682 4148 7558 5248 6288 7624 3475 1949 2503 1686 2938 9358 6546 2338 
29 7851 7343 1751 6003 906 837 2258 456 6295 5769 8013 2808 2825 92 2171 920 3978 8975 1654 7510 9897 104 3230 8451 9335 4381 1015 1211 2565 
28 6430 8607 4303 3681 3201 6113 3851 513 4190 1872 4178 8222 9068 5962 1552 2206 4800 2113 7225 1582 8664 8508 3627 695 4798 796 6435 233 
29 6340 405 3027 4917 6995 4567 675 2771 4575 7401 7352 5083 8752 4448 361 8319 4493 705 6736 6333 8030 7224 6478 79 5593 3522 7174 2952 6065 
33 9822 4830 9447 9868 191 460 8693 6753 5125 1420 2707 290 9689 4456 1744 4417 8621 2741 4814 4847 370 3732 3788 6165 6536 1529 8323 818 8935 3057 120 5897 7215 
28 8232 4701 487 5298 1283 147 3741 927 7078 6097 9720 9089 5803 7612 1451 3853 9103 1190 9711 7293 9063 2063 4416 8002 617 4339 8385 4329 
30 6885 6980 6754 7295 7147 8381 2450 7142 5074 9889 8318 2188 2262 9250 2114 2342 9483 803 3261 2665 2688 8467 8531 4468 3111 2627 4981 9723 9724 4644 
28 7849 377 7787 1816 4896 931 7406 4550 9314 7812 5530 4440 123 4288 2006 9323 8843 7848 8997 9396 6373 160 8576 1518 1937 2848 1533 2288 
28 2717 2381 1896 1139 2963 6000 9540 3195 4229 3791 7824 6693 865 3879 1461 8688 6180 6249 3372 154 1478 9496 1869 8672 8218 7885 8194 694 
29 3425 5049 3333 16 357 7721 4350 5312 358 9973 1825 116 5108 729 169 633 1013 5498 1471 4513 2277 9210 6636 9348 3098 2819 3993 5698 7775 
30 4904 5149 1140 5387 8699 8162 4082 8754 9272 1194 8689 7767 1589 1056 9256 8560 274 2226 7829 4085 6775 4786 9386 3206 9680 5521 517 103 4540 4712 
31 3183 4980 3383 1520 8936 5714 4387 4348 1304 594 9857 5852 8115 6457 2704 2193 2219 3231 5733 9846 2458 162 3712 3219 8736 891 9463 4422 4923 6647 6246 
28 3190 7511 9131 1560 8765 4795 174 4388 7450 2647 2092 9287 6892 7692 6432 7129 6839 7372 8136 372 8747 218 4138 8376 2268 7764 5562 6172 
29 7643 1060 4238 2305 6620 4144 1293 4597 8001 1725 5821 7330 3743 2020 3011 5581 1068 7758 2290 1910 8705 1696 2377 7714 6709 3311 4461 283 6479 
27 187 4107 7402 6474 5005 7572 3103 484 3780 7755 2689 7484 4945 3290 2577 7258 1137 494 1341 6394 725 9945 2282 3800 8244 9748 1268 
29 9053 1573 188 4217 8445 5229 393 2745 7660 431 2799 7108 403 8925 3609 254 7836 9653 3615 7041 2605 5141 5180 3112 8117 6358 9293 4516 8311 
30 9058 7613 5156 3064 2965 6822 3917 7338 4938 1427 6138 798 225 125 4633 8578 8534 5186 8817 6514 7269 8382 2619 6909 9713 1939 5926 5543 6564 3048 
26 2995 5160 159 7115 1148 4219 7625 9462 2868 9084 3229 4844 6025 7712 6716 3180 4149 1763 500 347 5715 4705 1181 9003 2985 6279 
32 8980 7015 7219 3373 1575 682 9477 3203 1882 8528 9178 4062 8245 5291 2685 3771 1885 2982 2341 1351 5150 2045 5034 7940 5452 5719 7453 3859 4973 3985 3645 7907 
26 6130 8394 6635 4777 589 6244 4083 6800 5701 9300 7953 7126 3641 5884 8116 9266 847 6468 8357 2199 3135 5294 4518 9971 7996 6090 
25 389 8207 2649 6756 3186 1804 9182 7202 6037 4818 8844 1261 3692 2692 9551 9083 201 3591 8393 9766 6503 2441 2594 5473 4916 
29 7678 9727 5908 9052 5416 9147 3079 2674 8005 5235 3637 521 3314 7312 6414 2387 3890 4404 5986 9199 3115 1018 5981 8515 3779 637 2968 3913 2659 
31 5455 2086 9747 8586 8872 5251 9825 7299 3651 8642 4691 5906 7672 4906 6386 3321 7077 3461 4902 4509 5816 5641 9663 6089 1500 2360 7644 8100 1369 561 2783 
29 3516 5324 9042 2186 5868 4858 662 3158 2230 3986 4687 6948 1553 7587 3137 9295 3885 3473 6199 3357 7303 4176 1546 5946 6761 427 6074 2213 3436 
30 7318 8299 7918 1192 8745 3367 2775 9229 7405 3785 4040 7400 4212 7157 2534 5786 8599 7410 5927 4711 6196 2476 6420 1900 5996 1404 3664 4353 2561 6588 
29 691 3235 2554 350 6275 4739 7016 8201 117 4444 9274 4064 5694 7589 4160 5752 8780 6851 1161 2333 9195 7211 2159 4569 1874 3196 9828 2380 8964 
27 2150 9814 1364 1924 3598 3417 3443 8968 4545 7455 8369 642 9906 7532 8329 4080 9021 3408 8537 5778 5620 3626 3066 6577 5729 7805 5921 
27 3883 3505 6936 2141 4181 2439 5772 261 8358 8214 7213 8435 7973 4167 5076 6850 6466 7079 9294 8086 6122 3673 3586 814 547 8225 362 
29 7080 1893 6819 2304 5829 5086 795 9537 7891 4452 8728 2547 84 4952 3094 2413 8882 3102 7813 2271 3089 7571 4041 7562 6281 1454 3173 4707 6614 
29 2863 6265 9632 6102 1239 738 2920 8463 4630 2892 2009 5983 9821 8659 115 8807 6147 2187 3499 8210 4191 8973 8704 8635 9661 235 4841 1184 4767 
32 8725 596 9492 6155 6410 1969 8634 9456 8718 2794 4044 8477 8677 4565 7300 3010 2730 1358 9424 5827 9596 1450 5616 6608 1162 8160 1375 2094 2907 3957 5930 9837 
31 9738 724 8339 6970 2640 4476 6262 2622 3854 8741 530 2132 2835 8159 1618 909 9008 8713 9066 324 2988 3466 2871 4744 3469 4733 3588 251 2572 556 6650 
31 9832 474 5041 2228 1380 6727 3587 3156 1986 1045 3834 3543 9501 8864 512 1272 297 4054 8119 3776 3549 9005 7403 6243 622 7101 4105 9080 7697 3444 3116 
27 4467 8267 4989 7439 3932 3405 5744 3625 8322 1118 2725 9502 2923 4667 9010 7586 3525 5239 6050 9316 148 8361 6903 1718 6506 9071 6625 
25 9861 528 5310 2323 3847 2232 9289 2415 3508 9677 2852 4919 3983 4845 5205 9896 549 151 3022 9450 399 7106 9731 9544 9154 
28 5604 5241 4091 2526 1123 7910 1258 3465 1767 5189 1861 3548 4825 4603 2939 6742 1616 3805 1073 495 4203 8951 6241 5017 5795 24 764 7756 
28 9151 5801 2335 874 6459 4628 6676 4185 5976 8602 6927 4428 3778 6228 6540 1571 4103 6695 6682 6894 2621 4463 3948 192 8272 5372 5953 9307 
29 5959 7186 2069 2252 9754 6016 4514 1917 3865 8224 1799 1935 1176 6721 3514 5652 6204 2806 1656 5061 8301 1663 8905 9819 6688 9788 8731 5789 5204 
30 2758 23 1842 3519 2614 2747 6966 4903 5916 4145 5793 7906 8976 2720 5219 5720 5622 9999 4842 1043 7780 1438 4558 9508 5665 8241 6181 340 1345 3386 
30 1566 7229 9957 5528 563 3866 2201 9242 2644 7866 74 4263 871 5222 886 3553 7072 5606 3672 7630 4557 8626 9566 6831 7140 349 1812 6673 7270 4964 
30 5876 1377 1712 5112 1024 9790 5671 1012 3724 2083 8628 4732 4132 1352 2872 379 4059 5628 2521 6054 7749 8359 9691 2434 1626 2706 1270 5007 849 2507 
30 1134 3179 8565 3762 879 208 2608 1998 5748 550 168 2100 3563 8956 7549 947 7700 2740 613 6110 6555 3053 1497 826 4108 3842 5549 8574 4418 7456 
24 1711 3128 3005 6556 4282 5163 356 9087 2148 8482 3096 4146 7081 507 1903 8869 8380 9744 9101 8777 8409 2807 9296 2406 
29 6812 5595 5997 6237 408 1750 8076 9327 6715 5578 5106 9655 8938 1721 2617 9588 1511 7437 4911 3428 4333 1078 8252 1479 4702 9927 7852 5050 2134 
33 156 2414 4878 3051 1422 9772 9489 4273 2470 5502 6329 9281 5036 5279 8821 7242 3003 8355 8373 8461 1780 424 5288 6896 7945 142 8326 6053 5466 9030 8978 869 9527 
26 8019 2765 6785 7648 4175 9356 250 5223 5084 4520 9871 709 2576 7238 86 6953 8866 8444 7547 2196 5250 3438 2626 4437 8240 7021 
29 1179 5955 7871 6509 215 1674 8673 1121 5023 9012 1069 2408 6701 4918 278 6075 2312 4541 774 864 1722 8748 4267 1878 2203 6308 5948 3305 3334 
28 1434 5233 7638 3855 2239 8072 9989 2064 8912 1189 1708 9332 1436 3464 914 3301 6802 8396 1246 6900 7716 5961 6774 4367 6052 2123 6189 7568 
28 6198 9561 5197 8592 3312 7060 4910 5542 2298 6978 4931 9363 3194 1695 4425 4617 3963 7546 6724 2344 9171 4308 9514 1786 8830 371 4235 697 
28 2440 1425 9940 3410 3722 3949 91 383 1620 4262 38 8294 3360 3705 5504 264 1887 9534 1591 8656 6372 1528 7182 3994 1594 2828 9866 447 
27 6613 1062 4068 3953 3757 167 209 8235 1132 2176 5121 3298 1698 1249 8597 7676 5123 8459 3789 4709 9333 3352 1266 396 9687 8387 6301 
32 3039 8579 5889 7636 2396 2873 5693 7065 9457 2989 7950 8815 3488 7860 7739 9196 4232 505 3222 8947 5283 2102 7465 5657 9253 7281 9023 1655 2670 825 6480 411 
31 6440 4801 3632 534 6765 6748 3845 4553 8442 6738 2179 5975 9818 4127 9218 9185 5230 318 4750 7994 8156 454 8785 9331 8739 9978 2269 2329 7966 2587 5666 
29 5266 9718 5865 3396 1260 3731 4673 7880 1759 3388 3794 9750 4835 9845 7146 1819 3567 6343 1291 7067 727 1843 5932 4783 5936 6762 8270 3472 973 
30 1666 766 2858 1890 1462 6125 2106 2748 2021 8723 392 1168 4021 4179 5122 6545 2485 1195 4299 3638 4441 3097 5339 2117 5120 7713 1428 8548 7187 3232 
33 3042 9695 6864 4046 6313 7974 9223 3513 4117 8700 472 3228 2610 2877 710 7290 1052 1598 4162 6527 4649 8570 3691 7073 1583 1470 2709 2703 448 2075 9410 7641 2423 
27 5679 9688 5886 2244 2293 8250 5863 6854 8004 3850 7032 2076 6352 7623 9252 2727 3602 3880 4991 5469 315 4326 6534 2088 7729 5635 9802 
31 9475 1938 553 7449 9123 4408 740 1865 4880 51 3484 5818 8145 3584 8066 305 4280 4700 4570 17 4399 6691 562 1513 1129 3752 7463 3168 7319 5410 3708 
24 2368 7566 89 6910 6746 5079 9267 4638 9545 6310 863 5947 5214 4129 1906 2118 7963 6605 8354 2579 4510 641 1891 3529 
31 8854 3181 1491 6699 8053 873 5210 8958 7927 4457 2320 8623 778 5890 1102 1094 2251 4614 2407 8643 7710 8580 4220 3862 4462 2285 6011 3988 3345 1106 9558 
26 45 5262 5846 9352 4697 3479 9975 7680 2654 5192 9007 3136 9207 2077 1567 5187 6760 3394 9639 1506 4012 2046 6013 5526 2814 8314 
29 7245 9820 6595 3694 8613 7383 7621 6752 8783 8025 21 3402 1023 9628 9233 4779 7033 7196 4946 6120 7070 3395 5089 5221 486 3457 9869 8715 4300 
29 6428 3611 476 8400 1429 2221 6826 4950 8517 1555 7419 4281 3310 6665 5839 7853 1736 3552 6739 8331 3600 8863 8344 9433 4270 4228 852 341 4275 
29 5634 7984 3302 3306 1053 1276 971 6286 2266 3802 3565 9812 9809 6368 1847 965 815 4538 5614 6678 3397 9305 3447 3848 7517 2514 3366 7655 1793 
29 4172 4447 5492 6258 5968 8766 8410 7369 5146 4997 6069 972 5550 3975 8666 5330 9283 7673 8313 8674 6549 9493 5873 1277 1449 4346 1991 2901 8636 
28 8103 5030 5532 2042 9612 2746 6551 6218 5293 3545 9412 8552 3926 5048 5426 9276 2453 3029 5663 4242 3577 5009 7616 5633 4237 2829 8443 7134 
24 8033 1764 6600 9811 2352 7061 7316 6584 5142 5314 1214 683 7276 7615 335 4035 9237 5933 4729 3374 983 2691 3652 7362 
27 2772 3496 9361 8885 817 1600 4001 3573 901 7651 1724 832 3942 2869 418 302 3378 3967 9519 1628 857 2559 262 2942 7926 4897 6835 
30 2922 7337 4807 4214 3291 220 7379 4325 7664 5601 6954 1948 6272 1771 9935 6968 8707 2886 9429 6529 1569 6662 963 5599 9112 31 7789 6390 2155 6422 
28 5454 9960 7606 6623 4386 9963 43 1810 9634 2030 4375 9043 9552 5978 5447 595 9779 4987 8397 7565 1155 8010 1061 8018 6041 5970 7422 5987 
31 2234 3076 3119 4088 8052 1758 4817 6341 3040 6874 437 5355 8511 1889 1747 7809 2204 7859 1122 263 2231 7808 7635 4894 6525 7902 2454 1305 3663 9782 7502 
29 2446 929 4632 540 7367 4391 930 8478 7468 4958 7036 8153 1524 3124 7288 5152 4213 14 4482 5415 1273 4208 2190 2177 3459 7518 5586 3279 8631 
27 3060 9166 1278 4200 8957 6369 4134 5183 5403 7771 9855 239 4074 9390 5519 618 3088 7762 9801 3999 6645 8474 464 9705 3328 5736 3021 
32 6599 6891 2090 8492 4458 5598 8108 4076 2499 3215 3144 8391 7345 1934 9792 5732 2757 4522 3184 8839 8795 8021 9684 7169 2374 2437 7119 7604 9947 9388 8470 2436 
28 2734 4581 8170 2693 9286 9761 5058 2950 1064 4483 4579 997 8426 5727 7622 1403 4305 2742 5992 298 809 1378 7152 8953 6881 7965 8819 6632 
26 7759 5326 8740 3316 1505 2218 5052 3439 9853 6515 7284 1630 6367 1761 7431 8283 2798 4310 5385 8198 9656 2363 2991 7100 9697 7260 
28 6261 1415 3471 9128 1737 8697 4355 8111 7054 1944 9491 4446 5064 7990 4930 1853 4328 4893 6526 9137 9245 5011 3947 8433 8146 1010 6149 5644 
27 2098 3929 8710 3781 7650 6876 9803 1904 5253 6084 5592 5018 3686 6156 2949 1537 3728 1230 8048 3739 9536 3208 7788 9904 5618 5851 3952 
31 333 5325 2550 3899 6250 273 5520 7180 6049 0 1602 8123 8330 8813 986 7588 4365 6607 4438 5393 2602 3077 1476 4029 4296 4039 6201 7542 491 9968 8307 
28 7590 4634 8143 2752 2101 9394 6300 5900 6185 8067 2897 1962 4045 1135 5943 4033 5001 755 9016 7874 346 8202 7354 8695 8077 3072 8151 4915 
25 493 8366 4802 4455 4587 4302 4358 5862 7876 1163 2316 9381 3343 6400 9480 9532 3658 4624 8940 4369 7617 5918 8589 7747 3767 
30 5260 3827 6992 9755 4034 6681 15 5912 2908 6744 2525 3784 7305 54 3416 6878 8338 2237 2256 8999 9077 5651 8312 4445 4848 8302 3614 127 8771 8879 
28 6933 6897 6857 1809 4629 6868 8924 4734 8458 4095 5350 2935 7941 6486 6345 1535 5484 8757 4742 5697 4932 6355 7734 652 6495 7997 3829 3227 
29 2635 1833 2874 8083 9428 2057 4828 2322 6750 5687 3863 7645 3819 6945 337 4934 904 4534 8113 2035 520 3699 113 6499 2498 9244 6722 2556 9741 
25 1785 8590 7358 1700 6283 6348 5351 1245 6212 9393 2955 1092 4720 6510 6026 6453 8720 7262 1296 5363 7987 948 7121 624 2661 
28 1959 2156 7539 8781 1608 2912 8594 7359 902 8476 6707 7554 8278 5093 7075 3897 1858 4865 9922 967 9926 317 7857 4222 3760 1550 3062 8395 
27 9670 9360 4122 5751 432 3164 8970 4356 7597 5547 4019 140 6137 7696 7363 4207 3253 8098 6070 7665 6899 7647 9542 2616 1638 7165 5723 
29 2139 8386 896 6177 5949 1229 8873 1253 9442 5322 6820 2052 1034 6684 213 7378 4164 1523 5078 7198 8557 897 8962 6260 9863 5734 9383 2267 4789 
29 2854 3210 2418 8547 9816 5525 4722 4487 3648 9562 2913 609 7346 9344 2475 8200 6807 3891 6064 5271 3413 9306 6541 7595 7746 8416 3468 7654 8009 
26 2603 8698 1312 61 5349 4152 3755 7087 308 4953 9870 2280 8892 1952 9902 9290 7888 2492 3252 1945 8449 8811 856 2712 578 8816 
26 8450 5944 446 8890 8439 3346 1770 3192 1897 789 1233 6145 2977 3646 5409 5026 1848 9345 8868 3768 4536 4336 4664 3406 7470 2719 
30 7833 275 9075 9933 1964 3898 5 2918 1322 8793 2960 9771 9728 2124 4992 6060 9796 8996 3125 1955 1084 6081 2421 2336 9022 8306 6356 4197 119 5273 
22 4506 862 4944 4529 8526 7840 3715 2511 2260 2833 9996 5479 9487 1252 6107 988 5785 7998 4061 6159 6969 1868 
32 835 1143 9942 6664 4535 9129 721 4183 8577 9994 7835 8862 1444 4547 6024 3700 1142 1456 9419 8034 905 6087 5164 786 7250 1331 4319 8788 573 7837 4256 7368 
33 9997 9446 7529 1862 8327 1795 6292 704 939 1299 3905 4792 1104 3315 7989 2790 4161 2369 6743 9197 8087 7273 8304 5605 3874 9722 2597 6317 978 6203 5712 4791 8180 
31 2820 9031 8026 6032 1985 6618 185 106 2843 5879 4124 6672 7958 5411 1936 7725 6698 4240 4836 2592 8 8340 1514 9374 3426 9082 5711 8893 3030 4111 7652 
27 3117 5467 9470 5553 7161 3150 3412 6267 6547 6630 7727 39 6010 9367 7265 758 2047 992 9578 9472 1031 9620 8043 7280 287 3540 6906 
27 7136 4796 8080 8120 9751 7715 3091 7561 200 230 8877 3146 6763 4218 3108 6521 6302 9528 4389 7495 433 1982 1447 9865 3734 7934 9914 
29 5831 8183 281 5910 2053 1243 4745 8182 2078 8808 5488 9135 4829 1504 7737 2227 3007 1394 7420 139 7469 5140 4255 7154 9143 5471 1672 4771 9346 
27 2921 2198 5914 6234 7528 397 5022 2774 9954 4857 3055 2780 2811 7557 5268 3512 4010 4499 7814 890 9479 9569 2896 7332 9613 2306 2099 
27 2822 6330 4794 3659 4622 706 8320 6036 4385 9854 597 1849 1754 2818 3730 2424 604 4693 5631 8403 2831 6047 1153 6289 787 2776 4956 
30 5954 9692 9635 2755 8884 1592 5742 409 1692 4201 4591 6213 2657 8762 2125 2695 5755 9981 9730 6949 9028 9259 6273 1254 6929 8011 1027 8898 1627 519 
26 3160 7395 5113 3698 9817 3680 6566 8494 3882 5704 1688 2116 3635 2973 8140 8908 3535 1565 1101 4013 9950 2731 940 3467 7903 63 
