12 9411 3575 6053 2963 6206 9282 5757 5777 7226 5054 596 7433 
21 2327 1630 5510 608 8832 1267 4661 6012 3740 2937 1106 1647 3082 5036 3215 9812 2054 1736 936 4378 1507 
6 9954 5062 1638 8218 4473 2090 
19 3564 3579 5710 825 6307 3632 6645 507 4024 4595 2741 6705 5642 5100 1096 5373 9056 2139 8775 
4 3291 1626 3115 8169 
4 6879 4329 4978 8499 
22 8675 7180 4624 2973 5955 6186 3966 4558 3453 7847 1281 4123 2852 5088 1943 9741 4564 3561 4701 9351 5364 8669 
18 8189 7677 8784 448 856 8766 9497 881 3879 9832 6089 127 8014 9074 6140 3854 5664 1682 
5 7347 6648 2984 3784 3824 
17 8559 7889 2642 1830 7934 2577 9116 8042 3054 3493 5187 4880 6270 9062 4559 7305 2308 
18 7318 8566 6003 3462 3605 7884 2181 607 572 4372 6336 9232 9028 9911 6391 4768 8755 7904 
9 8564 2717 4396 3169 7682 5952 3345 9742 7760 
14 4066 6123 9595 530 9815 3602 9680 7572 1386 9138 5433 2799 2600 4469 
8 7877 3138 4006 9440 9553 6306 5768 6600 
9 4467 2635 4806 2653 531 7856 7387 3258 5979 
7 7355 161 4764 552 4503 3247 8730 
2 5091 8540 
12 1353 1406 4170 3317 9735 9511 9751 6580 1245 9392 7730 978 
18 8420 4511 318 3398 9457 1222 7209 3338 7732 379 5310 8164 5564 2534 736 5122 9716 6934 
20 4586 8699 5369 4109 933 9042 6739 9737 7882 7208 9209 643 4371 9975 7532 6157 5247 1395 836 6505 
6 368 5690 5050 1886 546 2486 
18 1993 9852 9385 1997 7494 4615 9576 6638 5366 2343 6178 2906 8533 9667 5073 1772 304 6444 
14 5222 4546 2074 497 1272 6023 9199 2140 9171 4744 120 7466 6094 6960 
18 1528 3758 4848 3200 2036 5234 633 9897 8259 3439 2640 106 5608 3597 3186 1383 6226 7024 
3 4011 4971 9914 
17 741 1438 1635 3739 6498 922 494 6597 6643 4326 930 514 7727 4856 6443 78 1905 
3 6633 6752 1339 
20 6694 7704 3396 5816 9654 4028 3047 8529 7342 3802 2613 5622 8220 8857 9324 9157 4357 257 9967 5407 
10 5304 2424 6747 2711 6192 1655 7453 7221 9826 9489 
18 5343 8892 7662 5650 66 1587 1324 1294 2771 2602 2667 819 890 2370 6779 5117 1822 9533 
11 61 8459 1023 286 7715 3499 8598 4272 3256 3902 1207 
20 583 2738 5698 9012 6567 9179 241 1910 9158 1537 1746 9357 1947 8288 3075 8186 2933 6423 7615 2563 
5 8509 4414 6669 6220 1000 
19 2774 5948 3976 5541 6360 7710 6222 1884 4636 3124 9889 9539 2045 5105 9607 9998 6830 1624 5512 
10 6649 6849 4194 935 3230 6211 3449 3447 495 7105 
21 3692 8848 4421 1223 4973 1729 559 3993 7245 751 6989 9972 9962 3930 4775 4773 6684 4692 1720 5597 3484 
6 489 2536 5060 233 2128 180 
20 7088 5295 9628 7312 8989 753 7535 9645 7636 85 5962 6904 8051 5329 8017 129 274 2175 7820 2363 
15 7229 6199 661 2112 1835 6305 5799 8876 9923 1902 3970 8273 6081 4397 3088 
10 873 1474 1168 7907 7872 1389 8741 1435 4898 6339 
9 364 7411 1197 912 5767 4688 2144 7192 231 
20 3025 864 6473 4920 1503 2731 8034 992 2207 671 3181 1355 7933 6297 6868 3285 2631 4457 8304 7405 
3 5406 2053 4023 
13 6456 9996 2690 9045 6474 1460 9037 4585 348 4749 9710 7282 7061 
3 3539 7842 8046 
15 3743 2942 4112 9078 9805 9926 7193 6119 6133 1553 6896 7344 9101 8687 7678 
13 7346 1201 5043 4256 7503 6243 9844 6103 776 2024 2595 5561 7969 
18 3457 5213 3176 6430 5156 3270 3721 6062 7043 6422 524 9408 6838 5725 7672 7189 5587 361 
5 7911 1421 9485 4646 1452 
16 9901 4260 9845 9353 6615 4139 5241 8806 2482 7278 8324 4584 7924 3874 9908 8330 
6 6607 4255 1200 6338 4205 8824 
11 7640 5237 5189 7249 5686 4410 6610 9541 6281 6995 242 
15 3008 4959 3459 9965 5090 2537 7434 9182 5263 9276 3952 6407 2680 9896 7362 
14 9979 8484 6457 8548 3403 9702 9949 9127 9262 7010 3524 6331 8542 773 
15 8179 8739 4630 5535 3445 1977 6652 3366 8595 382 3261 9132 4278 1458 820 
14 8728 1651 4910 6265 8338 2981 952 5045 2702 4617 542 6727 8661 641 
10 7799 7553 3947 1240 656 6886 5069 5994 8990 5968 
14 7141 7612 5818 3557 3921 9712 6967 2802 74 9652 821 1302 2065 5975 
13 5381 5808 1529 3694 3079 793 1073 1882 7718 9955 1277 7708 7855 
3 2660 4747 6400 
19 2020 1609 2422 8410 1111 9064 6762 9836 9284 6319 1417 9584 9155 4009 4251 7100 366 9739 8569 
11 8406 4048 8245 5452 6683 8064 2844 9384 7781 8299 2358 
7 499 1684 7629 883 1979 9592 8047 
18 585 3640 4184 326 3816 6316 6764 330 7019 9981 1325 230 9928 2558 508 1464 5039 2951 
9 580 8055 9044 21 9994 9783 4000 1982 6524 
6 5716 6404 3773 4207 6076 1555 
20 2941 1013 9744 1508 9130 8951 5279 6832 9963 659 4828 4824 8746 2607 6146 1337 4518 1322 8738 4271 
16 6424 2436 730 2132 9345 8298 6871 1738 4300 5803 1779 2948 6134 4453 6495 5573 
17 1866 4648 6202 6836 8823 8791 8188 7941 461 425 2924 2156 1179 8416 1934 6447 4325 
17 6965 8376 8224 4088 4602 5503 7901 3482 4331 2115 244 4857 9612 1603 1188 4340 7482 
2 1735 5903 
17 9581 9052 9666 3541 6922 4493 3194 8176 1250 1937 5021 5031 4244 1368 9240 6728 923 
14 6160 9128 9274 9602 8835 9640 849 6078 3477 3205 4696 7176 174 8532 
10 3103 8302 493 4405 7438 3530 578 7143 8244 5513 
12 4495 7287 2106 2751 5298 7142 866 8986 6187 6522 3856 1136 
1 5982 
22 5161 7512 8573 4686 1500 665 6512 9364 7808 9195 1523 4623 2977 4634 2229 3761 8935 6542 4075 8199 859 9931 
5 1973 6515 5233 9661 632 
1 7110 
12 157 3651 7546 8348 4658 1369 4664 3839 2477 6583 3359 3000 
10 4346 5227 3951 1530 5553 538 7788 7978 3613 8196 
8 4788 6877 5017 2167 9795 8788 5470 1035 
19 6913 8978 4299 3199 1046 4639 8882 4872 7066 4270 886 5835 9687 4472 6406 4997 2437 4626 1976 
15 5598 1024 7792 7102 7337 9419 5724 2930 2817 5910 5792 7680 8494 1924 4818 
12 5332 7239 4163 929 3372 1448 6231 5389 2443 322 9250 1662 
21 2576 8783 9544 4863 3875 9657 2178 6313 115 9424 979 4989 1790 2769 9843 238 103 1953 4993 5877 8654 
20 4687 739 7314 9382 3840 2171 6196 8101 8798 847 3496 5556 7262 7755 9767 4442 5002 8166 5068 4783 
18 2912 5491 7373 8653 2041 102 2900 3393 3793 4213 4834 6882 2875 9268 7998 9001 1283 9530 
15 6115 4984 6875 3830 951 2982 152 4544 3775 3062 9809 8560 943 4614 4501 
16 9864 3073 8937 6066 178 1455 1872 6156 8662 7866 8764 3661 6396 5705 7723 3517 
15 5341 1784 457 210 3220 6034 7633 1700 3648 5702 7562 5619 2023 9230 5067 
24 55 7020 3989 41 1527 6413 1963 3420 7364 4555 1263 9165 3434 8827 6674 5481 7542 5670 5385 958 8061 6612 3413 3286 
7 1778 5656 6163 1891 3421 1461 4793 
10 3471 5721 7867 9819 8111 2063 4620 6176 2148 8013 
22 4143 9733 7846 8574 697 9633 4016 9135 5437 1942 6268 1297 6925 6681 1656 8344 2400 9643 4660 7402 3455 7302 
5 1399 9248 6509 4218 3897 
3 3149 6544 6690 
5 476 5302 5778 3630 9005 
6 8395 7464 8851 8125 5786 9693 
17 2008 8792 2056 7172 3036 5169 2556 2121 4699 3211 9143 8511 1946 5284 8997 9331 7753 
9 9799 3049 4437 2401 8351 9019 4853 1819 2620 
17 9523 8932 5393 3510 168 7174 9410 1352 2753 8820 9228 9089 3752 3635 6773 5625 8048 
19 3281 6884 5425 975 1685 982 8445 5679 2314 352 1338 9701 1541 4625 6397 8931 4459 8863 2876 
12 445 3596 3424 7406 6942 1 7840 2126 8695 3709 6539 3237 
10 1194 3603 9524 8155 3818 6280 636 4884 2246 7015 
19 541 1323 3865 8157 2031 6647 5228 2665 6359 6910 2048 8312 6036 1317 581 9697 4237 5098 2269 
6 1874 8173 7812 5219 2557 8402 
1 2591 
22 8840 5743 481 3050 9757 2992 9450 6009 646 7761 9264 285 808 7145 3308 1071 5353 6617 8141 731 914 1740 
21 8342 699 3910 5621 9743 8187 2585 9546 5405 8617 9566 7197 485 5878 880 8031 2237 4316 2197 5575 8002 
13 8520 1090 1121 9487 615 7075 8126 3235 4265 4067 4578 5274 2334 
18 2986 3826 1142 6711 5182 6749 3026 2464 8973 8970 8099 8339 5919 2978 6105 9193 4925 3523 
8 1888 1637 7451 2288 9221 9239 5157 748 
3 372 3409 9287 
12 9283 8630 3384 1010 3490 7737 2333 7663 1459 2445 9350 3626 
14 961 1113 211 1913 369 5684 938 9322 6622 4487 1296 4567 4188 5950 
4 2559 9349 7972 2038 
21 268 7129 6786 5282 8747 2997 1232 5260 8981 2164 3946 9441 5372 4263 9919 5640 386 1786 7720 2936 5399 
20 5424 8489 7357 6547 7668 8682 6272 5847 2969 2395 1709 7167 2766 9368 4073 5104 8107 149 1622 9448 
5 8088 9438 7917 5524 2824 
20 8204 8425 3891 8588 2382 3778 4605 2355 5995 8510 6793 8807 9085 2945 4543 4312 5320 8197 4936 2625 
16 2944 1363 5602 4953 3315 4400 1110 5514 1393 6179 387 3127 7796 153 1468 1284 
3 297 4583 1159 
22 1664 3294 3160 4196 3066 3325 7922 5238 8228 7769 3754 5451 1045 5076 7726 215 2923 2137 9428 8473 4191 1107 
15 29 1170 5744 8786 8915 4450 6274 4819 9516 516 7508 8562 2086 2636 9803 
9 24 9402 6068 5636 5626 6771 2245 7442 2939 
10 4894 5615 965 3729 2630 8140 9862 9269 4982 6124 
15 957 7210 9869 9297 98 7686 5287 8761 7746 8407 716 2645 9740 8753 757 
8 6961 4387 3067 5920 4202 5678 3038 6753 
8 5885 9463 9109 3433 8605 171 3010 4122 
14 222 1492 209 5347 7567 5627 6261 1239 1415 2810 2515 2264 1896 3827 
19 4842 726 212 7602 9634 5779 4035 2209 408 7194 130 2037 9534 2344 3150 333 8165 3503 5456 
5 1833 7156 5307 7122 9049 
23 4307 1447 5990 3461 3821 3475 7994 5124 1169 2525 9388 4159 8103 4892 9208 9479 3282 4290 6436 4460 262 973 5175 
22 3988 7687 8715 2681 7666 57 3058 6729 4403 7558 826 2122 5959 3997 7222 5155 7560 201 9162 5728 8971 1653 
1 4887 
13 4637 8557 3572 4794 8719 9849 5785 8264 6014 1901 8336 2785 4732 
20 920 8149 6239 9804 1634 2551 8403 5170 353 9027 4046 7898 6905 8928 5278 8004 9798 6318 9674 9865 
9 6745 4588 1117 7094 8153 5956 855 556 195 
20 9216 3197 9691 2118 977 164 3057 4063 9481 2966 4236 1008 6389 7006 490 8400 1818 1116 1486 2615 
9 4855 9925 6962 1029 8270 3844 9431 1446 6828 
19 5769 6767 5359 1030 7446 6021 3906 2954 9948 1051 163 1203 235 3948 434 2204 5687 5850 5592 
13 734 8736 9306 6125 9705 6392 4297 9761 46 1027 1262 441 3076 
6 6724 4520 6719 6880 1590 4483 
4 2869 3990 9763 6090 
18 8962 190 328 5771 718 6825 7479 2044 3465 3905 8481 2154 6240 4950 3234 3448 4210 2873 
18 6695 8787 9503 3786 439 3191 7698 8575 3663 529 4119 6082 7770 7822 8691 536 1688 1344 
18 273 4877 874 7637 4225 8868 8609 8379 990 254 5941 7392 5534 5171 243 3551 8526 3337 
14 4618 3362 5830 2958 8603 3673 2561 2452 6926 3011 2433 4165 3525 220 
17 3444 2313 4428 6168 720 601 2639 4913 2075 6374 7830 4211 9299 6253 4096 7462 4949 
12 3555 9920 435 6503 1667 6618 9475 6737 4638 698 5801 8422 
13 7040 394 2006 2198 1777 9769 3615 7809 3330 1654 3387 8887 1288 
20 3030 400 9320 1804 6550 830 3232 292 6716 8214 8819 670 4486 7529 9142 3241 4032 1572 2499 3545 
20 6228 9347 8370 4107 6984 4291 2406 1985 1259 2057 5094 5532 7620 1753 2749 534 2719 9389 2294 8528 
13 1978 8020 2649 9104 6842 2570 832 5422 5444 2354 1164 8201 4399 
21 5245 6004 5554 6475 5593 475 7316 118 544 3231 862 4343 4055 2478 7520 6948 6249 2494 6490 9786 3713 
20 9888 8587 5034 5006 4482 7152 7448 6213 7745 4441 1531 1466 3498 9724 6820 7178 4809 1832 7538 3367 
9 4150 9405 1984 3368 2346 5419 5416 7160 8684 
6 6916 9626 3193 7068 6883 4868 
19 5860 1724 6558 2782 7580 7579 7534 1721 8610 1716 4314 7414 2104 8958 17 9148 1824 7844 8594 
6 306 1643 1974 9616 4631 6667 
16 3855 5027 8209 6756 2216 2497 4376 2541 8871 9978 2396 2943 9664 8221 8280 868 
17 8703 9046 2915 533 9549 172 2663 8037 2291 3228 3135 1911 754 4893 1130 6891 7522 
15 8102 4836 8035 5603 5394 8159 894 8692 517 8242 3567 8006 8215 6675 2210 
19 5086 6150 6327 1430 5815 1561 7573 6800 484 8428 6234 6047 5191 2994 6543 7832 8076 471 9488 
5 117 1227 8435 6190 9312 
21 622 9406 1251 245 1276 8856 6454 2352 3117 105 6416 4221 4899 4964 4168 5216 5259 8281 3283 4517 1131 
12 3693 1381 5526 3392 5986 5249 2189 9877 7800 6847 6314 7371 
13 4214 2123 8328 4228 1873 3542 7113 2505 5123 5323 4736 8907 8925 
19 1005 2603 9246 2455 3263 4285 7554 6523 9610 5382 4045 5770 1960 4539 2535 5139 3300 1291 4321 
15 9325 7810 2791 9627 8803 6903 9180 7665 2979 2095 9229 5864 8289 1670 835 
13 7119 9452 200 4720 7277 6238 8491 1026 619 4097 7974 5035 8972 
11 8329 1407 9851 5748 4867 8614 4613 2409 8030 3326 7773 
5 6807 696 5954 2605 5071 
8 9675 6189 2742 1067 2218 8567 2389 4817 
21 7401 1414 6924 4507 3411 4656 4645 3949 4384 5033 6930 7339 3750 8963 695 5475 8729 9423 7725 5696 7 
18 6831 5858 1869 4875 908 907 2612 9882 4734 4012 2506 9780 6204 9212 738 6289 8927 6623 
4 375 3276 1697 2758 
2 1803 3560 
18 9140 19 2748 4575 1218 6340 1693 2240 3609 9644 2901 8108 4368 7734 8946 3920 7997 3931 
5 2316 5881 5572 9806 492 
4 6198 3249 5441 124 
13 7108 6029 8272 8296 8638 1715 3145 5420 5326 8442 7408 8778 8012 
15 769 3667 5875 7117 206 199 9562 1601 4101 8785 7778 9496 4523 8974 5742 
10 7952 5387 8629 6245 511 9018 7191 674 6659 5059 
7 1269 7082 2783 3022 6969 7135 7632 
17 7499 8086 1625 8462 4673 3680 6356 4652 9647 7383 8904 4190 4419 525 7976 5149 8036 
14 519 7779 5495 121 275 4675 7865 9583 7497 2325 4963 7385 5257 4900 
12 9679 7891 9559 9575 8637 8194 4007 8938 3532 8266 7724 3491 
10 8711 1723 7274 4776 3163 9083 940 9958 1011 5840 
20 9409 6044 2899 7248 9944 6000 9100 6809 9159 949 6114 3757 5004 5529 1964 7853 4745 7032 2772 4719 
18 606 4475 5487 3017 3083 4050 4245 141 7777 7729 4802 816 4651 4106 8649 3201 4647 766 
8 2061 1838 945 6951 8464 2856 8093 7581 
5 3371 3236 4455 428 7206 
11 8708 8029 5746 8440 2866 2043 7454 8015 7095 8704 5110 
10 5235 4411 3909 6846 7583 3700 6086 7201 1375 8712 
14 6541 8262 7428 2626 5829 2425 1785 5630 9470 5506 8920 7591 7175 1730 
19 5300 7455 8426 565 2825 9738 2776 5008 5824 1292 8446 2874 7599 2340 4464 3242 5401 3081 1829 
18 6706 3546 2928 9813 6296 5712 4409 5135 7643 2386 5099 777 7949 6184 5061 7819 6130 2709 
22 3167 7198 2975 1260 5663 6742 9681 5584 9242 4930 8263 7829 2025 7987 1591 5384 3832 8387 9663 6545 2816 4795 
8 7804 3098 6861 7944 4468 3214 3246 5784 
7 2718 8500 185 420 8623 6869 1293 
15 3307 4717 7785 6915 9420 7231 11 2859 7046 77 3660 974 8676 1696 3158 
19 8477 1228 9412 1221 6293 7382 2304 5844 3811 412 7062 7743 6774 4632 7313 9181 9597 5463 3820 
10 6663 8290 3188 3783 4869 5428 2706 1768 6056 4557 
8 3549 7444 8895 964 1187 1990 9211 3412 
22 3817 9207 6735 5996 4153 9512 381 100 2857 6197 8645 4074 67 6038 2532 5357 470 1611 2728 5607 954 7509 
5 1040 3760 959 605 3526 
9 3147 7870 4477 2192 3432 6581 684 539 8000 
7 5983 7697 7584 9086 4252 9119 9522 
7 6377 3227 8565 5754 1056 5633 4425 
25 4059 2828 3208 2957 1054 4980 802 5212 9871 1491 9527 2745 1182 1062 6999 4019 8926 5519 1416 7106 184 8829 6988 1092 8905 
7 9305 8192 8058 1926 2545 7767 6227 
8 7561 4781 1959 1233 3319 3701 2119 8596 
7 4071 9649 3779 5205 3375 313 9824 
10 7929 817 1674 4629 9477 8553 7566 6637 983 3927 
11 666 9696 3451 3099 5915 5101 4921 8293 5133 8475 7621 
11 3608 6601 2468 953 1499 8067 5000 139 5339 7590 3871 
11 2297 4782 8800 8316 8097 6619 5992 1289 1706 8885 2521 
2 4058 1855 
19 6815 6529 3849 3129 1986 3594 3565 9273 6013 1016 1787 9593 6488 5102 985 654 2155 160 9196 
16 2917 1883 6208 7874 415 97 5764 2565 5176 7288 3178 8810 1906 7771 5111 144 
3 2573 8345 4650 
13 5445 3527 9768 9030 4838 9379 3980 7839 6990 3244 6229 2617 391 
5 6689 6952 7320 1970 6517 
3 6277 4027 6285 
11 7861 9090 3024 482 23 4456 3399 9653 2454 7168 8744 
6 5324 219 1372 9267 9105 5226 
5 2883 8306 3959 6154 1881 
11 2720 6418 2426 9186 3505 9755 7121 6827 2010 2257 1425 
9 8518 3333 9191 8448 4666 3225 2851 3684 3730 
19 9514 6361 2714 332 7236 3502 6703 8523 3751 8160 5041 37 1649 2087 9966 1623 2030 9531 3153 
11 4742 610 8073 7097 266 5453 7990 8234 8162 2371 226 
6 1138 8458 1376 1615 1950 4129 
6 4758 2296 6493 8713 9469 6527 
12 1867 2166 6455 9631 8554 8768 2787 6484 7037 3782 2694 5886 
9 7070 2531 6110 4164 7255 5158 1627 4862 2430 
15 5717 1605 4635 6450 7243 782 8831 3636 8116 5116 8987 2882 3689 7798 3861 
10 6381 1384 4070 6301 3142 3376 8522 2097 3223 2307 
13 8950 2026 409 95 4029 6247 9263 8815 10 3428 4590 6823 6018 
19 713 7140 9137 9579 6584 7762 4879 4498 7749 6223 2808 5097 4715 528 5645 9591 3662 5438 6693 
11 423 1208 4786 3277 9337 8544 8621 999 7328 5570 1713 
19 4601 5402 6329 6304 9874 2904 4657 4704 422 5409 8909 3731 4608 9542 9727 4438 3336 2858 8942 
14 6901 9166 5113 1524 7574 4703 8995 2781 4099 2394 1956 6464 6687 2029 
12 6912 1252 7501 7754 3963 3339 9113 9732 2894 5930 4678 8267 
19 7957 567 9974 1489 1955 655 640 1863 7883 8353 4274 6460 3476 5140 4810 5258 4082 3809 888 
4 7575 2368 6325 9520 
6 5480 7216 2685 609 6079 1385 
12 4644 1326 5375 8597 1081 1476 7817 5301 3161 3926 2752 5333 
2 9927 6775 
18 1305 1794 2523 7975 5120 5888 5107 871 8809 1069 3547 9029 5482 5589 4015 8900 2650 3984 
4 9003 2324 7284 5478 
8 1192 2434 276 5577 9683 787 1894 3431 
18 5934 5971 7585 5285 2399 1580 146 1487 2652 6593 4449 3714 7125 5925 547 7388 8340 4341 
11 700 9251 584 1058 9091 2995 6175 5741 3344 2820 2554 
21 8731 7864 8277 9890 69 3116 6526 5579 4858 2547 5462 5314 5180 4547 2721 3568 7377 3312 1851 5270 1704 
11 1097 6269 7319 1186 5719 310 255 7400 5490 2487 9404 
18 6263 554 2641 9636 135 3666 354 9617 5838 1443 7604 5567 281 8883 3501 7935 8881 3207 
23 3090 9020 7230 2511 6255 780 8419 9341 1496 9684 7971 8659 8550 3967 3404 6712 1229 8381 4333 1919 4771 2868 480 
17 5192 6654 271 2566 3866 9464 9065 9381 8780 7370 2931 9943 1933 1351 1925 5118 5078 
12 1273 3245 7224 9289 2442 4990 9570 4497 5221 3570 2177 5618 
2 672 1880 
18 1776 7993 166 4080 9144 6575 5674 252 8413 3085 4086 2863 7340 42 7930 205 9756 8443 
22 677 5902 2079 6741 8040 5699 1102 5783 5913 177 4552 1429 2796 4533 5999 2268 8811 1566 8495 8286 5203 5084 
18 5497 4882 7379 7787 660 3759 993 6367 576 2909 3182 1236 7646 7886 5789 5215 6315 6626 
5 8967 1859 9961 4492 1680 
8 4377 2212 2693 450 1618 2027 5412 8677 
23 1066 9291 3104 4502 3105 4115 5303 7386 7595 2076 3829 4714 2040 5527 4569 6083 8476 5349 3001 7752 7238 3059 5286 
13 7463 7709 1593 3601 3991 9249 1391 6945 3628 7932 1400 9034 8232 
10 2920 3381 7425 134 4454 9218 2522 6555 8202 5542 
10 2247 7114 9087 9316 5732 956 8253 6935 2493 8375 
11 4094 4098 6658 7684 2884 3389 8680 7345 3943 5363 3711 
17 9619 3540 5049 128 3566 3583 5291 8504 7150 7498 9837 6235 6353 8822 7419 4945 4022 
6 4008 7711 842 5377 8940 2528 
13 7475 9670 4084 8346 8991 5511 2077 4318 4317 3070 7721 9895 7667 
22 8310 3655 2335 9543 1843 3554 4137 7211 7096 8998 1679 8721 4916 515 4351 4382 3352 9170 2965 7973 7295 8365 
5 7429 6780 9473 9377 207 
21 4090 6485 7104 1995 7086 6058 3795 3789 9033 1256 249 2374 6824 8383 261 3674 4754 752 6661 3771 1577 
12 6002 2278 3148 4200 854 6352 6446 8615 9418 1007 9323 5010 
9 768 1206 6357 294 3210 2309 4033 9163 1998 
16 9393 9698 8104 7648 4065 7811 1004 6386 8911 7547 6679 28 4500 3198 2202 44 
4 6783 6900 8586 8563 
11 5335 9187 5358 6410 7876 1755 1922 592 9253 336 2223 
13 3708 5240 2035 7361 8109 3121 2051 1854 3013 9509 451 2267 1732 
13 88 8271 4537 4233 8309 9346 7483 3917 6588 1890 8966 548 5037 
20 2432 1879 1689 7372 4404 3537 4587 708 876 7187 8843 2034 6692 356 414 9957 6528 6145 5832 6371 
20 3156 1332 2838 3354 4826 7690 378 9118 388 4944 9073 319 4330 6459 7265 3074 5595 2342 4961 5266 
11 9752 7064 7471 892 7631 6744 40 1308 6785 5943 9359 
14 7965 2507 315 2657 1908 3938 6856 7492 7916 4356 5969 2158 5987 2252 
13 8175 3168 1734 3068 9286 4938 895 1733 454 7940 6810 8325 1545 
17 2356 6139 6155 7000 5917 2180 3669 2330 8743 8460 1075 5396 2186 1025 291 8839 7851 
6 3869 7188 8303 3356 1083 3087 
19 2571 2589 2230 8198 3717 846 5620 8796 7232 2732 2320 1583 9077 1820 5708 2841 8646 8074 4417 
8 5299 3936 2842 9318 3452 8417 5828 9525 
18 9707 8698 8021 6765 3544 4141 5344 1846 7271 30 6726 7521 1749 5980 2226 3383 7623 2862 
14 6822 4536 5654 4830 4250 5351 6398 6346 6589 6907 2099 6691 9398 3698 
4 7928 3257 3092 4471 
8 1543 1512 2784 47 5957 7909 6351 6330 
10 84 3311 9401 4154 6563 5012 7203 8094 9070 9723 
9 2949 477 1100 7613 3536 5505 3132 1157 6492 
17 9976 7849 627 6159 502 4705 9951 3842 3807 9538 3940 2790 3621 6106 4550 6363 6143 
5 4525 9483 2191 4118 1089 
12 4948 6200 419 3086 8026 1782 5796 1329 6388 1249 9201 6890 
13 4494 4208 7196 6425 8151 8300 5009 4800 7659 2438 9848 2789 1022 
20 4839 113 4885 8203 9586 1949 8854 9833 137 6680 4582 1988 809 1125 6224 4674 2895 8392 5331 5916 
20 2135 6656 8323 4761 2338 506 6927 2831 7679 458 3031 1781 7326 3078 8845 5568 3485 7517 2666 4239 
15 3055 5218 5517 2881 4957 6538 8530 1181 2160 4089 4561 3846 8749 6604 5578 
9 1335 4056 2512 7638 1246 4114 7354 4573 8994 
14 5440 789 5887 8521 2000 767 9458 1695 7368 7582 9258 3318 6230 4755 
8 7862 6164 3414 6537 7276 9900 2760 9360 
13 3607 1002 1175 6932 6769 8627 6682 4881 5805 8478 4240 784 9069 
6 1563 498 7506 9076 3497 3125 
21 3442 8024 2143 5507 8434 417 2686 4854 4541 8860 5632 4470 3610 4912 806 8068 3379 2091 3023 7670 750 
8 1315 7293 5371 3981 2582 9437 1333 5414 
12 2519 3239 2538 5890 872 395 1183 7995 5022 9791 7979 9203 
16 9847 7186 8447 5711 5566 657 5082 967 7592 586 9231 4280 2003 9883 3804 2890 
8 2465 2429 902 4815 6128 5892 1844 9726 
8 8640 3614 4415 6142 5217 53 5346 3324 
6 6466 8071 2373 1347 8349 2704 
25 5970 6794 3170 4833 1313 3108 9947 8772 761 2033 8742 5400 7169 3895 2052 7149 4562 909 1850 6530 2283 5109 3642 1744 6632 
19 9563 7329 6536 2305 9620 7034 6380 8493 5134 2621 1519 6486 5019 8060 3419 5893 4448 393 3884 
4 187 1817 1174 479 
12 5018 4352 2470 384 6866 7016 3982 3960 5195 4684 3563 229 
19 7657 6502 6851 3512 7380 2250 4366 6672 2388 5635 7259 1034 9021 6055 6759 8592 7304 4192 7264 
13 3253 9935 2147 8816 2967 6985 9678 5780 8305 5119 8461 2579 270 
4 4309 6662 1319 8727 
11 5693 5727 1852 5089 6409 2412 1748 7056 2127 7519 5275 
10 1757 9820 3029 2539 7465 1994 9557 8368 4485 9868 
14 1515 3918 7768 2896 5662 6480 709 2359 613 7018 6117 4176 6499 1540 
23 3629 6843 2357 1588 1640 4064 2261 7628 5660 3290 2360 4871 7564 4358 3137 9571 8969 5722 6754 735 3801 3890 1691 
20 7956 2233 513 248 9613 3885 2323 9537 9177 5951 9082 2417 5379 7195 6854 7786 8354 7233 3670 3504 
20 6670 3697 3430 9830 7085 6966 39 2362 6161 5074 5268 3847 6171 1094 5739 6564 7023 631 4671 562 
11 8578 8536 9604 6283 8237 6203 1420 453 1253 2739 9910 
13 303 8213 109 3329 6804 5025 6634 3585 5539 6463 6860 6611 7242 
3 8965 4301 3889 
21 7399 658 5500 7430 35 6141 2473 1436 7516 9298 1810 7651 8524 7939 4621 213 2555 2872 1764 4923 9887 
11 9084 6740 5214 989 1550 5477 6591 3977 743 6568 995 
3 4379 5562 6686 
16 2735 1815 2788 8254 8285 2754 8421 7912 1098 2407 6104 7689 5651 8961 4025 1114 
10 3358 8665 6790 6697 2871 1036 9059 132 9399 8269 
18 6412 7435 7116 8274 4807 9002 2654 2527 969 1875 6696 7132 4919 1743 1567 6027 4102 218 
12 8184 1518 2404 397 9754 5072 6733 1806 4579 75 571 6918 
7 8292 9985 5516 6173 2927 7548 7025 
11 5649 2780 2105 867 7081 7488 8027 9302 3473 798 7458 
10 1209 9252 7256 3595 8010 4974 968 5677 5936 9999 
16 9449 5856 119 1792 3119 4344 3867 350 3293 6798 4535 5747 3878 5468 8561 5707 
13 5868 8158 2495 1143 9822 467 2950 8689 2405 5355 4991 6010 4640 
18 2695 1773 1177 9071 8681 3732 5837 189 9075 3278 3592 9110 9863 3296 4513 5325 3956 5873 
18 4078 7028 2293 4349 4246 2916 4709 5701 8018 1166 1539 1525 9295 4681 6432 1936 5842 4865 
8 1992 6135 5466 3426 8546 1686 4420 8633 
13 9313 3410 4706 8979 150 4528 7806 9807 1397 8322 5190 1156 3275 
10 568 7398 1146 3896 9946 2378 5736 651 418 7950 
16 549 3005 4223 4935 284 4003 5352 2919 9858 3165 459 4491 9659 2546 3935 1190 
6 9459 5550 1648 1462 706 526 
5 474 1860 277 7557 4941 
2 1560 4796 
3 3202 3305 165 
10 4435 4693 9011 6718 5756 1365 2173 4398 4105 9515 
18 3580 4873 9495 839 950 8110 4643 3685 9288 9624 8307 6778 8513 2911 2733 1703 8230 3224 
7 7325 7642 344 6577 858 5918 6766 
15 8758 8774 3114 4940 7246 7162 6946 2290 3767 4845 2700 8525 1621 6214 1858 
5 2736 9639 6233 3440 9243 
16 7913 2520 2235 2952 6814 1453 1152 9234 6344 5610 3691 1411 449 1719 8427 3638 
8 5991 5374 3091 3151 570 2255 4116 2746 
11 4829 2518 3624 8793 3039 5421 1606 2553 5946 6295 5549 
13 6039 2440 3657 2921 8366 9006 6578 3152 4572 2331 1616 3301 7157 
15 9550 3833 4607 7275 7805 1532 7918 9758 7505 2619 7571 6037 2022 3733 2427 
14 3578 6420 1509 3429 5909 614 9708 331 5128 9204 3019 3911 9932 7185 
4 7948 3507 1659 8497 
8 311 1564 1061 9358 1155 1238 1258 2750 
15 1105 442 5914 7513 1428 8136 9480 2678 3481 4222 2701 2469 8084 7038 7281 
9 3321 9492 3979 6286 3195 7031 3769 7244 4005 
11 3647 611 4851 1714 7099 9293 6791 110 5392 6624 8558 
4 2015 9685 3341 2953 
6 8878 3334 1676 8571 389 1574 
10 6321 1797 5484 4076 7124 2763 6837 1661 1205 7992 
8 563 8207 9964 9655 5211 2804 5985 6964 
3 2176 2059 1018 
8 7716 5267 7071 850 2149 3998 8405 4142 
10 9913 8449 6818 4481 9375 4986 2187 1140 1478 4178 
17 4679 9556 8955 5557 3785 3155 7926 8906 3962 7076 9688 7706 2616 1895 2475 1760 603 
6 9121 9872 9460 4152 8828 2448 
4 8227 2011 416 1216 
6 6403 7927 3370 4138 6500 4488 
11 3654 267 7624 5911 7331 2485 3519 4427 2347 653 5726 
6 2418 1762 6666 9750 7625 6022 
18 7109 3196 3915 7323 9190 645 81 7014 4722 1814 4322 5681 3577 1214 5319 7029 6354 7589 
14 6031 5112 8085 8079 5457 4798 9222 1504 3509 5154 7130 2500 727 7376 
6 7227 3102 3385 6553 7688 7241 
6 3696 8968 594 1274 2002 5144 
2 1135 2887 
8 7468 595 6126 3171 192 4680 54 7681 
12 1178 5540 1331 1631 4433 2125 4212 7854 625 3427 7358 452 
6 719 8902 7147 9615 2795 3456 
9 2384 290 5026 26 363 2672 8041 2258 6976 
16 6252 9255 6251 7315 396 3843 52 946 8841 6225 8347 4765 5826 5912 5961 7980 
10 8670 984 4235 9372 9699 5115 6310 7450 5884 2224 
11 8773 1904 509 7627 6953 5810 1533 8317 4361 1526 6768 
12 7013 1628 7474 1612 5804 2341 4890 6928 1358 264 9413 7053 
4 8890 7683 4669 2265 
